日期,开盘价,收盘价,最高价,最低价,成交量,成交额,振幅,换手率(%)
2012-06-19,15.50,15.03,15.53,14.98,103816,1.58亿,-,51.91
2012-06-20,14.73,15.70,16.12,14.60,102898,1.58亿,10.11%,51.45
2012-06-21,15.52,15.25,15.75,15.05,58062,8955万,4.46%,29.03
2012-06-25,15.00,14.54,15.08,14.48,37101,5455万,3.93%,18.55
2012-06-26,14.51,14.92,15.15,14.26,35438,5227万,6.12%,17.72
2012-06-27,14.80,15.67,16.30,14.72,79104,1.24亿,10.59%,39.55
2012-06-28,15.60,14.93,15.60,14.93,49509,7579万,4.28%,24.75
2012-06-29,14.76,15.62,15.91,14.73,53960,8367万,7.90%,26.98
2012-07-02,15.74,16.19,16.44,15.50,61727,9872万,6.02%,30.86
2012-07-03,16.05,16.33,16.80,15.86,65114,1.06亿,5.81%,32.56
2012-07-04,16.21,15.82,16.47,15.69,46478,7441万,4.78%,23.24
2012-07-05,15.70,15.95,16.10,15.60,34862,5536万,3.16%,17.43
2012-07-06,15.90,15.44,15.93,14.88,41160,6334万,6.58%,20.58
2012-07-09,15.22,14.80,15.37,14.80,23199,3503万,3.69%,11.6
2012-07-10,14.83,14.55,14.95,14.50,16873,2483万,3.04%,8.44
2012-07-11,14.10,13.22,14.10,13.14,38017,5105万,6.60%,19.01
2012-07-12,13.20,13.45,13.57,13.10,19778,2639万,3.56%,9.89
2012-07-13,13.30,12.91,13.37,12.86,20816,2724万,3.79%,10.41
2012-07-16,12.89,12.15,12.90,12.13,16248,2019万,5.96%,8.12
2012-07-17,12.15,12.28,12.36,12.06,10041,1225万,2.47%,5.02
2012-07-18,12.20,12.29,12.32,11.98,9420,1146万,2.77%,4.71
2012-07-19,12.27,12.62,12.93,12.23,20849,2635万,5.70%,10.42
2012-07-20,12.58,12.55,12.72,12.50,9413,1184万,1.74%,4.71
2012-07-23,12.31,12.30,12.39,12.16,9350,1147万,1.83%,4.67
2012-07-24,12.25,12.48,12.59,12.19,8128,1010万,3.25%,4.06
2012-07-25,12.38,12.71,13.09,12.32,23645,3041万,6.17%,11.82
2012-07-26,12.60,12.48,12.82,12.47,12679,1606万,2.75%,6.34
2012-07-27,12.56,12.50,12.65,12.36,6839,855万,2.32%,3.42
2012-07-30,12.50,12.28,12.61,12.19,7544,930万,3.36%,3.77
2012-07-31,12.33,11.70,12.33,11.70,10391,1244万,5.13%,5.2
2012-08-01,11.67,11.87,12.00,11.67,5391,639万,2.82%,2.7
2012-08-02,11.88,11.69,11.93,11.59,5342,628万,2.86%,2.67
2012-08-03,11.80,12.09,12.17,11.68,9032,1083万,4.19%,4.52
2012-08-06,11.99,12.38,12.41,11.93,11937,1459万,3.97%,5.97
2012-08-07,12.37,12.41,12.63,12.31,10332,1288万,2.58%,5.17
2012-08-08,12.51,12.24,12.52,12.16,8087,992万,2.90%,4.04
2012-08-09,12.20,12.59,12.59,12.20,12775,1592万,3.19%,6.39
2012-08-10,12.55,12.52,12.65,12.43,7689,963万,1.75%,3.84
2012-08-13,12.48,12.16,12.50,12.15,7616,939万,2.80%,3.81
2012-08-14,12.18,12.32,12.34,11.99,6845,832万,2.88%,3.42
2012-08-15,12.28,12.06,12.28,12.05,4812,584万,1.87%,2.41
2012-08-16,12.05,12.03,12.10,11.97,3031,365万,1.08%,1.52
2012-08-17,11.96,12.05,12.13,11.90,3747,450万,1.91%,1.87
2012-08-20,11.93,12.03,12.08,11.85,5042,603万,1.91%,2.52
2012-08-21,12.05,12.44,12.55,12.00,14745,1832万,4.57%,7.37
2012-08-22,12.45,12.51,12.68,12.39,15704,1970万,2.33%,7.85
2012-08-23,12.51,13.50,13.76,12.48,45576,6004万,10.23%,22.79
2012-08-24,13.19,12.86,13.51,12.82,31537,4150万,5.11%,15.77
2012-08-27,12.85,12.60,12.85,12.45,11681,1472万,3.11%,5.84
2012-08-28,12.60,13.30,13.46,12.60,27764,3628万,6.83%,13.88
2012-08-29,13.18,13.08,13.67,13.08,30962,4131万,4.44%,15.48
2012-08-30,12.95,12.80,13.18,12.50,21114,2708万,5.20%,10.56
2012-08-31,12.92,13.41,13.45,12.75,29354,3888万,5.47%,14.68
2012-09-03,13.27,13.69,13.69,13.20,27136,3657万,3.65%,13.57
2012-09-04,13.70,13.56,13.97,13.40,27598,3780万,4.16%,13.8
2012-09-05,13.67,13.85,14.09,13.56,28234,3919万,3.91%,14.12
2012-09-06,15.00,15.24,15.24,14.81,32570,4932万,3.10%,16.28
2012-09-07,16.40,15.85,16.47,15.41,103315,1.64亿,6.96%,51.66
2012-09-10,15.75,17.44,17.44,15.58,69374,1.15亿,11.74%,34.69
2012-09-11,17.00,16.49,17.02,16.12,72193,1.20亿,5.16%,36.1
2012-09-12,16.49,16.19,16.75,15.80,50693,8205万,5.76%,25.35
2012-09-13,16.09,15.50,16.17,15.50,33070,5244万,4.14%,16.53
2012-09-14,15.65,15.59,15.94,15.35,33035,5164万,3.81%,16.52
2012-09-17,15.50,14.83,15.55,14.76,27830,4189万,5.07%,13.91
2012-09-18,14.80,14.93,15.14,14.76,17261,2583万,2.56%,8.63
2012-09-19,14.91,14.95,15.22,14.74,19566,2942万,3.22%,9.78
2012-09-20,14.90,14.10,14.91,14.08,26786,3860万,5.55%,13.39
2012-09-21,14.10,13.72,14.15,13.61,24868,3457万,3.83%,12.43
2012-09-24,13.68,14.03,14.20,13.51,18452,2573万,5.03%,9.23
2012-09-25,13.90,14.02,14.06,13.60,21309,2960万,3.28%,10.65
2012-09-26,14.20,13.17,14.37,13.11,24504,3400万,8.99%,12.25
2012-09-27,13.11,13.34,13.57,12.76,21686,2870万,6.15%,10.84
2012-09-28,13.18,13.38,13.53,13.14,13522,1806万,2.92%,6.76
2012-10-08,13.37,13.58,13.67,13.33,12713,1720万,2.54%,6.36
2012-10-09,13.59,14.18,14.38,13.59,27061,3800万,5.82%,13.53
2012-10-10,14.18,14.50,14.65,14.03,27469,3953万,4.37%,13.73
2012-10-11,14.46,13.75,14.48,13.70,23617,3338万,5.38%,11.81
2012-10-12,13.61,13.61,13.95,13.41,14138,1933万,3.93%,7.07
2012-10-15,13.35,12.60,13.59,12.31,23424,2984万,9.40%,11.71
2012-10-16,12.50,12.50,12.75,12.48,9738,1229万,2.14%,4.87
2012-10-17,12.53,12.62,12.70,12.44,7569,952万,2.08%,3.78
2012-10-18,12.62,13.13,13.20,12.62,17169,2229万,4.60%,8.58
2012-10-19,13.12,12.99,13.16,12.93,8330,1085万,1.75%,4.16
2012-10-22,12.81,13.14,13.20,12.80,8809,1150万,3.08%,4.4
2012-10-23,13.14,12.93,13.18,12.89,5802,755万,2.21%,2.9
2012-10-24,12.80,12.79,13.00,12.62,4276,548万,2.94%,2.14
2012-10-25,12.83,12.64,13.02,12.58,7095,906万,3.44%,3.55
2012-10-26,12.62,12.31,12.70,12.15,8811,1091万,4.35%,4.41
2012-10-29,12.38,12.40,12.48,12.17,3037,375万,2.52%,1.52
2012-10-30,12.45,12.39,12.61,12.38,4364,543万,1.85%,2.18
2012-10-31,12.49,12.50,12.59,12.23,6873,857万,2.91%,3.44
2012-11-01,12.55,12.75,12.83,12.53,8046,1022万,2.40%,4.02
2012-11-02,12.71,12.94,12.94,12.62,9196,1179万,2.51%,4.6
2012-11-05,12.96,12.76,12.99,12.69,6882,882万,2.32%,3.44
2012-11-06,12.71,12.60,12.80,12.31,6807,852万,3.84%,3.4
2012-11-07,12.55,12.58,12.62,12.40,5597,700万,1.75%,2.8
2012-11-08,12.50,12.20,12.55,12.16,5229,646万,3.10%,2.61
2012-11-09,12.15,12.30,12.45,12.11,5551,684万,2.79%,2.78
2012-11-12,12.40,12.83,13.25,12.40,17940,2308万,6.91%,8.97
2012-11-13,12.84,12.46,12.94,12.44,9259,1169万,3.90%,4.63
2012-11-14,12.41,12.89,12.92,12.41,14957,1908万,4.09%,7.48
2012-11-15,12.80,12.71,13.11,12.68,17214,2226万,3.34%,8.61
2012-11-16,12.60,12.91,12.91,12.36,13554,1714万,4.33%,6.78
2012-11-19,12.89,13.25,13.27,12.70,18229,2375万,4.42%,9.11
2012-11-20,13.25,13.07,13.30,12.93,15502,2029万,2.79%,7.75
2012-11-21,13.10,13.14,13.17,12.74,13149,1702万,3.29%,6.57
2012-11-22,13.02,12.87,13.09,12.76,9286,1197万,2.51%,4.64
2012-11-23,12.95,12.81,13.04,12.79,7919,1023万,1.94%,3.96
2012-11-26,12.82,12.21,12.83,12.20,14669,1820万,4.92%,7.33
2012-11-27,12.17,11.85,12.37,11.85,10353,1249万,4.26%,5.18
2012-11-28,11.76,11.75,11.78,11.60,5593,653万,1.52%,2.8
2012-11-29,11.76,11.51,11.84,11.48,3771,441万,3.06%,1.89
2012-11-30,11.50,11.63,11.70,11.46,2419,281万,2.09%,1.21
2012-12-03,11.52,11.01,11.65,11.01,4694,529万,5.50%,2.35
2012-12-04,10.99,11.30,11.42,10.92,6178,692万,4.54%,3.09
2012-12-05,11.30,11.77,11.95,11.19,8529,996万,6.73%,4.26
2012-12-06,11.93,11.73,11.94,11.62,6452,760万,2.72%,3.23
2012-12-07,11.67,12.10,12.12,11.67,8428,998万,3.84%,4.21
2012-12-10,12.16,12.28,12.37,12.05,10059,1219万,2.64%,5.03
2012-12-11,12.25,12.12,12.28,12.03,9815,1176万,2.04%,4.91
2012-12-12,12.20,12.22,12.27,11.88,7368,879万,3.22%,3.68
2012-12-13,12.20,11.91,12.20,11.90,4999,596万,2.45%,2.5
2012-12-14,11.91,12.43,12.45,11.86,12188,1481万,4.95%,6.09
2012-12-17,12.41,12.50,12.63,12.31,11668,1435万,2.57%,5.83
2012-12-18,12.38,12.36,12.55,12.31,9228,1133万,1.92%,4.61
2012-12-19,12.40,12.52,12.79,12.33,13483,1673万,3.72%,6.74
2012-12-20,12.42,12.92,13.30,12.37,24565,3128万,7.43%,12.28
2012-12-21,12.95,13.57,14.13,12.73,35398,4676万,10.84%,17.7
2012-12-24,13.60,13.85,13.85,13.38,28849,3879万,3.46%,14.42
2012-12-25,13.95,13.94,14.12,13.69,26582,3652万,3.10%,13.29
2012-12-26,14.03,14.59,14.83,14.03,35096,4999万,5.74%,17.55
2012-12-27,14.55,13.75,14.71,13.75,30239,4235万,6.58%,15.12
2012-12-28,13.74,14.06,14.21,13.48,22459,3084万,5.31%,11.23
2012-12-31,14.01,13.81,14.10,13.68,12366,1693万,2.99%,6.18
2013-01-04,13.90,14.17,14.23,13.69,19192,2659万,3.91%,9.6
2013-01-07,14.16,14.40,14.45,13.99,17108,2410万,3.25%,8.55
2013-01-08,14.35,14.26,14.54,14.10,19987,2838万,3.06%,9.99
2013-01-09,14.22,13.91,14.47,13.81,17752,2480万,4.63%,8.88
2013-01-10,13.90,13.94,14.09,13.80,13943,1920万,2.08%,6.97
2013-01-11,14.10,14.11,14.53,14.00,29733,4207万,3.80%,14.87
2013-01-14,14.85,15.51,15.51,14.85,42325,6374万,4.68%,21.16
2013-01-15,15.57,15.84,16.92,15.57,71612,1.14亿,8.70%,35.81
2013-01-16,15.52,15.17,15.59,14.95,36644,5540万,4.04%,18.32
2013-01-17,15.17,14.74,15.26,14.67,18489,2741万,3.89%,9.24
2013-01-18,14.81,15.02,15.13,14.67,15784,2336万,3.12%,7.89
2013-01-21,14.98,15.05,15.12,14.92,11378,1692万,1.33%,5.69
2013-01-22,14.96,14.23,15.05,14.15,21317,3076万,5.98%,10.66
2013-01-23,14.23,14.45,14.50,14.15,11345,1606万,2.46%,5.67
2013-01-24,14.45,14.05,14.67,13.87,18330,2609万,5.54%,9.16
2013-01-25,14.05,14.01,14.24,13.89,7851,1091万,2.49%,3.93
2013-01-28,13.97,14.71,14.75,13.95,15811,2270万,5.71%,7.91
2013-01-29,14.60,14.75,15.03,14.58,14385,2112万,3.06%,7.19
2013-01-30,14.85,14.48,14.90,14.42,10727,1544万,3.25%,5.36
2013-01-31,14.44,14.15,14.56,14.06,8610,1213万,3.45%,4.3
2013-02-01,14.18,14.26,14.36,14.09,5573,786万,1.91%,2.79
2013-02-04,14.33,13.97,14.33,13.94,9235,1285万,2.73%,4.62
2013-02-05,13.85,14.34,14.38,13.80,7935,1113万,4.15%,3.97
2013-02-06,14.33,14.42,14.62,14.28,7145,1023万,2.37%,3.57
2013-02-07,14.37,14.73,14.76,14.35,9553,1379万,2.84%,4.78
2013-02-08,14.64,14.96,14.98,14.64,11535,1701万,2.31%,5.77
2013-02-18,15.02,14.88,15.03,14.77,8511,1254万,1.74%,4.26
2013-02-19,14.81,14.57,14.97,14.47,11019,1601万,3.36%,5.51
2013-02-20,14.64,14.92,14.95,14.58,13989,2052万,2.54%,6.99
2013-02-21,14.83,14.97,15.22,14.63,18994,2806万,3.95%,9.5
2013-02-22,14.97,14.73,15.01,14.71,10004,1471万,2.00%,5
2013-02-25,14.66,14.91,15.00,14.63,10145,1487万,2.51%,5.07
2013-02-26,14.85,14.81,15.10,14.78,17655,2619万,2.15%,8.83
2013-02-27,14.87,14.34,14.97,14.25,15137,2178万,4.86%,7.57
2013-02-28,14.40,14.53,14.55,14.27,10127,1448万,1.95%,5.06
2013-03-01,14.53,15.04,15.05,14.53,16948,2489万,3.58%,8.47
2013-03-04,15.49,15.43,15.51,15.05,48653,7370万,3.06%,24.33
2013-03-05,15.43,15.92,16.01,15.10,50425,7727万,5.90%,25.21
2013-03-06,15.70,15.82,15.95,15.62,24863,3883万,2.07%,12.43
2013-03-07,15.76,15.34,16.11,15.17,23421,3643万,5.94%,11.71
2013-03-08,15.34,15.10,15.48,15.10,10023,1517万,2.48%,5.01
2013-03-11,15.14,15.00,15.14,14.87,7507,1115万,1.79%,3.75
2013-03-12,15.07,14.37,15.19,14.18,15419,2226万,6.73%,7.71
2013-03-14,14.36,14.05,14.36,13.77,7699,1073万,4.11%,3.85
2013-03-15,14.06,14.08,14.43,13.98,7999,1127万,3.20%,4
2013-03-18,14.03,13.79,14.20,13.75,8426,1160万,3.20%,4.21
2013-03-19,13.86,13.90,13.99,13.73,4158,569万,1.89%,2.08
2013-03-20,13.95,14.32,14.33,13.84,8058,1128万,3.53%,4.03
2013-03-21,14.39,14.39,14.50,14.23,9450,1344万,1.89%,4.73
2013-03-22,14.35,14.26,14.40,14.13,8793,1241万,1.88%,4.4
2013-03-25,14.26,14.10,14.32,14.03,5738,802万,2.03%,2.87
2013-03-26,14.20,14.24,14.24,13.93,6087,848万,2.20%,3.04
2013-03-27,14.92,14.40,14.92,14.24,8645,1240万,4.78%,4.32
2013-03-28,14.25,13.87,14.26,13.85,7521,1039万,2.85%,3.76
2013-03-29,13.96,13.73,14.00,13.71,4255,582万,2.09%,2.13
2013-04-01,13.77,13.85,13.96,13.69,3301,452万,1.97%,1.65
2013-04-02,13.85,13.62,13.98,13.62,4473,609万,2.60%,2.24
2013-04-03,13.70,13.57,13.75,13.49,2879,387万,1.91%,1.44
2013-04-08,13.35,13.54,13.54,13.06,4285,562万,3.54%,2.14
2013-04-09,13.48,13.55,13.65,13.48,2888,388万,1.26%,1.44
2013-04-10,13.59,13.39,13.59,13.25,3033,401万,2.51%,1.52
2013-04-11,13.39,13.29,13.47,13.26,2463,326万,1.57%,1.23
2013-04-12,13.29,13.25,13.39,13.22,2091,275万,1.28%,1.05
2013-04-15,13.31,13.13,13.32,13.06,2385,310万,1.96%,1.19
2013-04-16,13.05,13.18,13.19,12.93,3401,439万,1.98%,1.7
2013-04-17,13.35,13.46,13.60,13.30,5710,758万,2.28%,2.86
2013-04-18,13.50,13.55,13.60,13.31,4411,588万,2.15%,2.21
2013-04-19,13.55,13.77,13.85,13.55,6490,882万,2.21%,3.24
2013-04-22,13.75,13.91,14.03,13.73,7724,1058万,2.18%,3.86
2013-04-23,13.88,13.53,13.97,13.50,6771,917万,3.38%,3.39
2013-04-24,13.57,14.00,14.04,13.55,6637,910万,3.62%,3.32
2013-04-25,13.93,13.80,14.24,13.80,9351,1296万,3.14%,4.68
2013-04-26,13.90,13.42,13.95,13.41,4587,619万,3.91%,2.29
2013-05-02,13.16,13.58,13.58,13.06,2972,394万,3.87%,1.49
2013-05-03,13.58,13.90,13.97,13.58,5536,761万,2.87%,2.77
2013-05-06,13.90,14.30,14.35,13.90,9574,1344万,3.24%,4.79
2013-05-07,14.25,14.30,14.33,14.10,6319,889万,1.61%,3.16
2013-05-08,14.18,14.58,14.59,14.15,11137,1588万,3.08%,5.57
2013-05-09,14.50,14.78,14.91,14.48,15974,2321万,2.95%,7.99
2013-05-10,14.88,14.68,14.92,14.53,10039,1464万,2.64%,5.02
2013-05-13,14.71,14.94,15.01,14.59,10404,1529万,2.86%,5.2
2013-05-14,14.84,14.51,14.90,14.41,7443,1075万,3.28%,3.72
2013-05-15,14.46,14.94,14.98,14.46,8286,1215万,3.58%,4.14
2013-05-16,14.97,14.66,15.11,14.66,14386,2120万,3.01%,7.19
2013-05-17,14.68,15.07,15.33,14.65,14930,2226万,4.64%,7.47
2013-05-20,15.32,15.66,15.73,15.19,19993,3072万,3.58%,10
2013-05-21,15.60,16.00,16.00,15.35,21602,3347万,4.15%,10.8
2013-05-22,15.84,15.34,15.90,15.25,18913,2909万,4.06%,9.46
2013-05-23,15.18,15.87,16.75,15.18,38553,6118万,10.23%,19.28
2013-05-24,16.14,16.41,16.61,15.95,28711,4634万,4.16%,14.36
2013-05-27,16.40,16.53,16.60,16.11,24202,3921万,2.99%,12.1
2013-05-28,16.45,16.10,16.58,15.68,20799,3305万,5.44%,10.4
2013-05-29,16.16,16.12,16.32,15.91,13743,2198万,2.55%,6.87
2013-05-30,16.04,16.62,16.85,16.03,28402,4639万,5.09%,14.2
2013-05-31,16.58,16.26,16.72,16.23,16823,2755万,2.95%,8.41
2013-06-03,16.18,15.61,16.45,15.56,18221,2874万,5.47%,9.11
2013-06-04,15.68,15.04,15.68,14.90,14646,2202万,5.00%,7.32
2013-06-05,14.97,15.13,15.31,14.85,6572,985万,3.06%,3.29
2013-06-06,15.14,14.85,15.21,14.85,5688,845万,2.38%,2.84
2013-06-07,14.88,14.75,15.08,14.63,7614,1116万,3.03%,3.81
2013-06-13,14.65,14.95,15.00,14.37,10092,1463万,4.27%,5.05
2013-06-14,14.81,15.93,16.00,14.81,23969,3701万,7.96%,11.98
2013-06-17,15.90,15.54,15.90,15.43,16871,2613万,2.95%,8.44
2013-06-18,15.45,15.52,15.67,15.05,11782,1798万,3.99%,5.89
2013-06-19,15.24,15.10,15.35,14.95,17566,2630万,2.58%,3.35
2013-06-20,15.05,14.15,15.05,14.05,27592,3974万,6.62%,5.27
2013-06-21,14.02,14.10,14.23,13.58,12976,1785万,4.59%,2.48
2013-06-24,14.05,13.12,14.05,13.03,18839,2512万,7.23%,3.6
2013-06-25,12.86,13.20,13.30,12.33,12380,1581万,7.39%,2.36
2013-06-26,13.20,13.74,13.75,13.12,20925,2784万,4.77%,3.99
2013-06-27,13.60,13.10,13.75,13.09,21879,2913万,4.80%,4.18
2013-06-28,12.98,12.89,13.32,12.75,9541,1227万,4.35%,1.82
2013-07-01,13.05,13.40,13.40,12.80,10767,1406万,4.65%,2.05
2013-07-02,13.40,13.85,14.00,13.35,19228,2613万,4.85%,3.67
2013-07-03,13.84,13.94,14.00,13.40,15686,2131万,4.33%,2.99
2013-07-04,13.75,13.95,14.11,13.74,15040,2081万,2.65%,2.87
2013-07-05,13.85,13.73,14.27,13.68,13917,1926万,4.23%,2.66
2013-07-08,13.30,13.10,13.38,12.95,11750,1531万,3.13%,2.24
2013-07-09,13.24,13.44,13.50,13.11,6849,902万,2.98%,1.31
2013-07-10,13.67,14.10,14.77,13.67,15263,2137万,8.18%,2.91
2013-07-11,14.05,14.20,14.33,13.97,24027,3379万,2.55%,4.59
2013-07-12,14.13,14.36,14.70,14.06,33560,4811万,4.51%,6.4
2013-07-15,14.42,14.70,14.80,14.23,32508,4688万,3.97%,6.2
2013-07-16,14.52,14.70,14.71,14.40,28248,4074万,2.11%,5.39
2013-07-17,14.64,15.10,15.33,14.56,50751,7515万,5.24%,9.68
2013-07-18,15.15,15.67,15.99,15.01,66320,1.02亿,6.49%,12.66
2013-07-19,15.55,15.35,15.98,15.20,53399,8272万,4.98%,10.19
2013-07-22,15.67,16.14,16.15,15.58,66107,1.04亿,3.71%,12.62
2013-07-23,16.00,16.23,16.30,15.80,48343,7675万,3.10%,9.23
2013-07-24,16.44,16.11,16.44,15.85,47410,7558万,3.64%,9.05
2013-07-25,16.11,15.20,16.39,15.04,47437,7376万,8.38%,9.05
2013-07-26,15.01,16.71,16.71,14.96,85525,1.38亿,11.51%,16.32
2013-07-29,16.95,16.72,17.65,16.44,107627,1.82亿,7.24%,20.54
2013-07-30,16.59,16.24,16.83,15.33,61063,9701万,8.97%,11.65
2013-07-31,16.10,16.34,17.01,15.81,55282,9045万,7.39%,10.55
2013-08-01,16.88,17.94,17.94,16.34,57336,6550万,9.82%,7.29
2013-08-02,19.71,19.71,19.71,19.71,21239,2748万,0.00%,2.7
2013-08-05,21.15,19.01,21.26,18.84,250966,3.28亿,12.25%,31.93
2013-08-06,18.62,19.22,19.44,18.60,157960,1.98亿,4.42%,20.1
2013-08-07,18.62,18.11,18.83,17.96,118006,1.41亿,4.53%,15.01
2013-08-08,18.06,18.06,18.45,18.02,72505,8660万,2.40%,9.22
2013-08-09,18.03,17.45,18.26,17.03,84452,9742万,6.81%,10.74
2013-08-12,17.45,17.63,17.73,17.04,68468,7800万,3.96%,8.71
2013-08-13,18.02,18.30,18.42,17.82,104144,1.24亿,3.40%,13.25
2013-08-14,18.23,18.03,18.45,17.84,72946,8633万,3.36%,9.28
2013-08-15,18.00,18.05,18.36,17.87,58980,7006万,2.75%,7.5
2013-08-16,17.75,17.67,18.41,17.67,59545,7044万,4.07%,7.58
2013-08-19,17.60,18.29,18.29,17.40,45898,5431万,5.01%,5.84
2013-08-20,18.41,18.86,19.76,18.39,102744,1.28亿,7.47%,13.07
2013-08-21,18.56,18.86,19.08,18.41,52692,6477万,3.58%,6.7
2013-08-22,18.83,18.98,19.26,18.59,65743,8200万,3.58%,8.36
2013-08-23,18.89,18.53,19.16,17.90,65644,7984万,6.64%,8.35
2013-08-26,19.13,18.87,19.13,18.54,48023,5916万,3.16%,6.11
2013-08-27,18.83,18.93,19.08,18.54,45050,5553万,2.86%,5.73
2013-08-28,18.68,18.18,18.87,18.08,61272,7424万,4.20%,7.8
2013-08-29,18.29,17.96,18.47,17.93,38651,4594万,2.97%,4.92
2013-08-30,18.14,16.89,18.24,16.80,55468,6371万,8.02%,7.06
2013-09-02,16.94,17.25,17.37,16.82,25528,2865万,3.29%,3.25
2013-09-03,17.15,17.52,17.52,17.15,18869,2144万,2.17%,2.4
2013-09-04,17.64,18.74,19.07,17.63,101644,1.23亿,8.22%,12.93
2013-09-05,18.87,18.74,18.98,18.45,53243,6544万,2.80%,6.77
2013-09-06,18.75,19.73,19.76,18.56,89294,1.14亿,6.41%,11.36
2013-09-09,20.54,20.40,21.68,20.04,118970,1.64亿,8.29%,15.14
2013-09-10,21.17,22.41,22.41,21.15,31174,4549万,6.18%,3.97
2013-09-11,24.62,23.94,24.62,22.82,149461,2.33亿,8.03%,19.01
2013-09-12,25.05,26.31,26.31,25.05,46344,7904万,5.26%,5.9
2013-09-13,26.55,24.71,27.03,24.27,115826,1.92亿,10.49%,14.74
2013-09-16,24.33,23.67,24.72,23.27,68996,1.09亿,5.89%,8.78
2013-09-17,23.85,23.12,24.14,23.09,55382,8561万,4.44%,7.05
2013-09-18,23.25,25.40,25.40,23.25,108557,1.77亿,9.28%,13.81
2013-09-23,26.48,27.90,27.90,26.25,86917,1.57亿,6.50%,11.06
2013-09-24,27.90,28.47,29.34,27.15,105085,1.96亿,7.85%,13.37
2013-09-25,28.19,26.49,28.22,26.39,86527,1.56亿,6.43%,11.01
2013-09-26,26.37,24.90,26.37,24.68,69488,1.16亿,6.40%,8.84
2013-09-27,24.68,27.36,27.36,24.68,107801,1.91亿,10.78%,13.71
2013-09-30,27.90,28.67,29.99,27.15,98180,1.86亿,10.36%,12.49
2013-10-08,28.02,28.14,28.49,27.35,53286,9817万,3.98%,6.78
2013-10-09,27.95,29.25,30.92,27.92,72538,1.42亿,10.66%,9.23
2013-10-10,28.67,27.69,29.99,27.42,68045,1.28亿,8.77%,8.66
2013-10-11,27.69,28.17,28.77,27.32,46988,8690万,5.25%,5.98
2013-10-14,28.35,27.42,28.35,26.70,51792,9286万,5.86%,6.59
2013-10-15,27.00,27.06,27.41,26.43,35717,6309万,3.56%,4.54
2013-10-16,27.08,25.34,27.48,24.95,43551,7455万,9.37%,5.54
2013-10-17,25.55,24.83,25.62,24.75,32820,5428万,3.43%,4.18
2013-10-18,24.93,25.61,25.98,24.93,28813,4829万,4.23%,3.67
2013-10-21,26.06,26.09,26.31,25.47,25994,4464万,3.28%,3.31
2013-10-22,25.89,24.09,26.13,24.08,49179,8045万,7.88%,6.26
2013-10-23,24.12,22.71,24.27,22.10,39671,5997万,9.03%,5.05
2013-10-24,22.68,22.88,23.18,22.43,19960,3003万,3.30%,2.54
2013-10-25,22.80,22.17,23.10,21.63,24563,3603万,6.43%,3.12
2013-10-28,21.98,23.34,23.49,21.98,26097,3930万,6.83%,3.32
2013-10-29,23.34,22.47,23.60,21.63,28910,4288万,8.42%,3.68
2013-10-30,22.22,23.52,23.55,22.14,28399,4305万,6.28%,3.61
2013-10-31,23.09,23.12,24.20,23.09,31547,4916万,4.72%,4.01
2013-11-01,22.92,22.86,23.22,22.35,21806,3260万,3.76%,2.77
2013-11-04,22.73,22.71,22.92,22.43,13469,2006万,2.17%,1.71
2013-11-05,22.70,23.51,23.52,22.43,20104,3060万,4.82%,2.56
2013-11-06,23.24,22.67,23.84,22.67,23471,3600万,4.98%,2.99
2013-11-07,22.65,21.89,22.95,21.89,20154,2968万,4.70%,2.56
2013-11-08,21.89,21.48,22.04,21.30,17764,2521万,3.36%,2.26
2013-11-11,21.57,21.59,21.68,20.94,13643,1917万,3.42%,1.74
2013-11-12,21.71,22.22,22.22,21.48,16859,2425万,3.41%,2.14
2013-11-13,22.05,21.56,22.23,21.48,13564,1957万,3.38%,1.73
2013-11-14,21.29,22.35,22.47,21.26,22965,3319万,5.64%,2.92
2013-11-15,22.61,23.00,23.24,22.10,33073,4971万,5.10%,4.21
2013-11-18,23.01,23.37,23.49,22.95,29248,4467万,2.35%,3.72
2013-11-19,23.37,23.31,23.66,22.97,25325,3875万,2.95%,3.22
2013-11-20,23.31,23.30,23.52,23.10,19591,2994万,1.80%,2.49
2013-11-21,23.31,23.67,24.08,23.25,38222,5965万,3.54%,4.86
2013-11-22,23.58,23.19,23.82,23.09,18484,2847万,3.11%,2.35
2013-11-25,23.12,23.33,24.08,23.07,29134,4498万,4.33%,3.71
2013-11-26,23.28,24.81,24.83,23.12,60109,9632万,7.33%,7.65
2013-11-27,24.57,25.05,25.41,24.45,52977,8722万,3.87%,6.74
2013-11-28,25.20,24.89,25.77,24.74,39645,6571万,4.13%,5.04
2013-11-29,25.20,25.49,25.74,24.81,42188,7064万,3.74%,5.37
2013-12-02,23.85,22.97,23.85,22.97,43326,6623万,3.47%,5.51
2013-12-03,20.73,21.38,21.57,20.70,67143,9282万,3.79%,8.54
2013-12-04,21.21,21.48,22.29,20.79,51879,7379万,7.02%,6.6
2013-12-05,20.90,20.58,21.23,20.39,35013,4781万,3.91%,4.45
2013-12-06,20.40,20.70,20.85,20.12,18146,2449万,3.57%,2.31
2013-12-09,20.79,21.02,21.06,20.67,20846,2859万,1.88%,2.65
2013-12-10,21.23,21.38,21.68,21.03,32068,4523万,3.07%,4.08
2013-12-11,21.48,20.93,21.48,20.72,18722,2585万,3.58%,2.38
2013-12-12,20.82,21.03,21.35,20.73,17016,2363万,2.94%,2.16
2013-12-13,20.94,20.99,21.20,20.55,14198,1956万,3.07%,1.81
2013-12-16,20.99,20.87,21.15,20.75,16737,2300万,1.93%,2.13
2013-12-17,20.85,20.15,20.99,20.12,18335,2450万,4.17%,2.33
2013-12-18,20.15,19.98,20.42,19.86,12156,1608万,2.76%,1.55
2013-12-19,20.07,20.04,20.48,19.98,11635,1544万,2.48%,1.48
2013-12-20,20.10,20.07,20.34,19.95,10928,1443万,1.95%,1.39
2013-12-23,20.12,19.79,20.19,19.65,10595,1385万,2.69%,1.35
2013-12-24,19.73,20.22,20.34,19.62,10677,1411万,3.64%,1.36
2013-12-25,20.22,20.88,20.88,20.19,24348,3309万,3.41%,3.1
2013-12-26,20.78,20.51,20.88,20.48,20796,2820万,1.94%,2.65
2013-12-27,20.60,21.24,21.30,20.51,26858,3717万,3.88%,3.42
2013-12-30,21.32,21.50,21.60,21.03,26698,3738万,2.68%,3.4
2013-12-31,21.36,21.48,21.51,20.90,18510,2580万,2.86%,2.35
2014-01-02,21.30,21.98,22.05,21.18,34042,4865万,4.05%,4.33
2014-01-03,21.77,21.77,22.17,21.71,25756,3707万,2.12%,3.28
2014-01-06,21.89,20.97,21.90,20.85,24006,3340万,4.82%,3
2014-01-07,20.94,21.45,21.45,20.58,20552,2859万,4.15%,2.57
2014-01-08,21.39,21.89,22.02,21.39,28556,4091万,2.94%,3.57
2014-01-09,21.89,21.26,22.20,21.26,29350,4221万,4.32%,3.67
2014-01-10,21.08,20.30,21.47,20.22,21716,2970万,5.86%,2.72
2014-01-13,20.34,20.70,20.81,20.28,11566,1556万,2.59%,1.45
2014-01-14,20.70,21.59,21.60,20.55,18525,2575万,5.07%,2.32
2014-01-15,21.59,22.13,22.16,21.47,28967,4173万,3.20%,3.62
2014-01-16,21.90,21.72,22.20,21.71,25206,3632万,2.24%,3.15
2014-01-17,21.60,22.73,22.80,21.53,53241,7848万,5.87%,6.66
2014-01-20,22.65,22.23,22.65,21.81,34087,4987万,3.70%,4.27
2014-01-21,22.16,22.68,22.74,21.95,30445,4501万,3.58%,3.81
2014-01-22,22.65,22.92,23.18,22.40,41015,6144万,3.44%,5.13
2014-01-23,23.40,23.70,24.44,23.34,69313,1.09亿,4.78%,8.67
2014-01-24,23.54,23.67,23.99,23.10,45080,6988万,3.73%,5.64
2014-01-27,23.55,24.00,24.35,23.00,54654,8510万,5.70%,6.84
2014-01-28,23.55,22.97,23.84,22.83,39116,5985万,4.19%,4.89
2014-01-29,22.94,23.69,23.73,22.94,35295,5422万,3.46%,4.42
2014-01-30,23.66,23.07,23.76,22.92,26967,4141万,3.55%,3.37
2014-02-07,22.92,23.69,23.78,22.52,26393,4068万,5.46%,3.3
2014-02-10,23.88,24.27,24.39,23.55,47958,7611万,3.55%,6
2014-02-11,24.33,24.84,24.90,23.63,63742,1.03亿,5.25%,7.98
2014-02-12,24.75,24.98,25.11,24.38,52008,8477万,2.96%,6.51
2014-02-13,24.92,23.73,24.92,23.72,39969,6410万,4.80%,5
2014-02-14,23.73,24.33,24.33,23.70,31391,4972万,2.65%,3.93
2014-02-17,24.32,26.12,26.34,24.30,91960,1.55亿,8.38%,11.51
2014-02-18,26.03,26.00,26.45,25.61,69728,1.19亿,3.22%,8.72
2014-02-19,26.00,25.50,26.15,25.29,47826,8069万,3.29%,5.98
2014-02-20,25.49,25.77,26.40,25.07,65345,1.11亿,5.24%,8.18
2014-02-21,25.59,25.68,26.07,25.37,30852,5227万,2.74%,3.86
2014-02-24,25.62,25.55,25.67,24.92,29224,4872万,2.92%,3.66
2014-02-25,25.55,23.04,26.06,23.03,63992,1.04亿,11.86%,8.01
2014-02-26,23.03,22.91,23.12,22.13,32932,4915万,4.30%,4.12
2014-02-27,22.91,22.62,23.64,22.59,31707,4830万,4.58%,3.97
2014-02-28,22.38,23.09,23.12,22.35,18730,2799万,3.38%,2.34
2014-03-03,23.36,23.67,23.82,23.07,23641,3656万,3.25%,2.96
2014-03-04,23.34,23.27,23.49,22.92,19789,3022万,2.41%,2.48
2014-03-05,23.63,23.33,23.64,23.25,24799,3824万,1.68%,3.1
2014-03-06,23.34,22.94,23.46,22.58,19921,3003万,3.79%,2.49
2014-03-07,22.82,22.67,23.07,22.58,17406,2619万,2.16%,2.18
2014-03-10,22.62,21.30,22.62,21.30,24997,3591万,5.82%,3.13
2014-03-11,21.30,21.35,21.68,21.12,14657,2062万,2.61%,1.83
2014-03-12,21.29,21.41,21.68,21.11,8660,1216万,2.67%,1.08
2014-03-13,21.57,21.56,21.65,21.33,15008,2118万,1.47%,1.88
2014-03-14,21.45,22.01,22.10,21.38,19187,2751万,3.34%,2.4
2014-03-17,22.07,22.32,22.41,21.87,15513,2261万,2.45%,1.94
2014-03-18,22.50,22.65,23.03,22.38,22121,3306万,2.89%,2.77
2014-03-19,22.43,22.80,22.92,22.43,16562,2475万,2.19%,2.07
2014-03-20,22.94,22.10,23.22,22.10,18536,2766万,4.93%,2.32
2014-03-21,22.05,22.43,22.70,21.45,18877,2724万,5.63%,2.36
2014-03-24,22.43,22.01,22.55,21.95,12194,1785万,2.68%,1.53
2014-03-25,22.05,22.77,22.91,22.05,18981,2820万,3.89%,2.37
2014-03-26,22.77,22.80,23.09,22.53,16326,2459万,2.44%,2.04
2014-03-27,22.80,22.05,22.89,22.05,15736,2323万,3.68%,1.97
2014-03-28,22.14,22.52,23.09,22.07,29934,4441万,4.63%,3.75
2014-03-31,22.62,23.16,23.51,22.58,36957,5618万,4.13%,4.62
2014-04-01,22.95,23.24,23.37,22.95,20061,3054万,1.81%,2.51
2014-04-02,23.25,22.86,23.39,22.77,15827,2391万,2.65%,1.98
2014-04-03,22.74,23.13,23.33,22.52,15498,2348万,3.54%,1.94
2014-04-04,23.13,23.25,23.30,22.85,13146,1998万,1.95%,1.64
2014-04-08,23.22,23.25,23.31,22.85,13787,2091万,2.00%,1.73
2014-04-09,23.25,23.43,23.63,23.25,22694,3500万,1.61%,2.84
2014-04-10,23.19,23.18,23.48,22.97,23346,3559万,2.18%,2.92
2014-04-11,23.03,22.79,23.18,22.77,20621,3111万,1.75%,2.58
2014-04-14,22.74,23.16,23.18,22.73,16140,2441万,1.97%,2.02
2014-04-15,23.10,23.54,23.61,23.00,29705,4560万,2.66%,3.72
2014-04-16,23.54,24.53,25.61,23.37,63651,1.04亿,9.50%,7.96
2014-04-17,24.53,24.59,24.75,24.24,22840,3691万,2.08%,2.86
2014-04-18,24.54,25.40,25.65,24.48,49737,8292万,4.76%,6.22
2014-04-21,24.92,25.94,26.30,24.92,61805,1.05亿,5.43%,7.73
2014-04-22,26.40,25.95,26.58,24.72,50084,8503万,7.17%,6.27
2014-04-23,25.83,25.82,26.39,25.68,48400,8287万,2.72%,6.06
2014-04-24,25.91,27.60,27.89,25.74,70918,1.25亿,8.31%,8.87
2014-04-25,27.23,27.03,27.65,26.55,50075,8949万,3.97%,6.27
2014-04-28,27.42,27.09,28.92,27.03,62752,1.15亿,6.99%,7.85
2014-04-29,26.76,28.43,28.55,26.70,43809,7955万,6.81%,5.48
2014-04-30,28.97,30.57,30.87,28.44,69191,1.36亿,8.55%,8.66
2014-05-05,30.30,30.68,31.01,30.05,52972,1.07亿,3.14%,6.63
2014-05-06,30.72,30.12,30.72,30.03,44304,8850万,2.25%,5.54
2014-05-07,30.02,30.17,31.49,30.02,49470,1.00亿,4.88%,6.19
2014-05-08,30.08,28.86,30.08,28.77,53043,1.02亿,4.33%,6.64
2014-05-09,29.18,28.97,29.33,27.51,52126,9800万,6.29%,6.52
2014-05-12,29.21,29.69,29.70,28.95,31989,6202万,2.59%,4
2014-05-13,29.57,29.30,30.30,29.03,27528,5382万,4.30%,3.44
2014-05-14,29.25,29.30,29.37,28.58,17352,3320万,2.71%,2.17
2014-05-15,29.39,28.67,29.55,28.67,18653,3572万,3.02%,2.33
2014-05-16,28.86,28.08,29.09,27.57,26367,4916万,5.29%,3.3
2014-05-19,28.08,27.90,28.47,27.75,13535,2503万,2.56%,1.69
2014-05-20,28.29,27.90,29.10,27.86,19121,3577万,4.46%,2.39
2014-05-21,27.89,27.54,27.89,26.97,23460,4241万,3.28%,2.94
2014-05-22,27.63,27.53,27.96,27.48,16908,3091万,1.74%,2.12
2014-05-23,27.54,28.37,28.43,27.45,18425,3395万,3.54%,2.31
2014-05-26,28.31,28.68,28.77,28.07,19073,3587万,2.49%,2.39
2014-05-27,28.74,28.68,28.97,28.43,10913,2068万,1.88%,1.37
2014-05-28,28.77,28.91,28.95,28.22,19989,3790万,2.56%,2.5
2014-05-29,28.82,28.40,29.04,28.29,21334,4031万,2.59%,2.67
2014-05-30,28.40,28.43,28.65,28.22,11803,2215万,1.53%,1.48
2014-06-03,28.40,27.59,28.61,27.32,15253,2828万,4.54%,1.91
2014-06-04,27.59,27.15,27.71,27.09,11900,2140万,2.23%,1.49
2014-06-05,27.15,27.90,27.93,27.09,10330,1881万,3.09%,1.29
2014-06-06,27.74,27.75,27.90,27.39,8452,1541万,1.83%,1.06
2014-06-09,27.74,27.51,27.78,27.48,6267,1141万,1.08%,0.78
2014-06-10,27.56,28.20,28.28,27.45,11695,2157万,3.00%,1.46
2014-06-11,28.22,28.49,28.65,28.05,10764,2016万,2.13%,1.35
2014-06-12,28.10,27.87,28.47,27.72,13702,2533万,2.63%,1.71
2014-06-13,27.77,28.28,28.31,27.77,9407,1748万,1.94%,1.18
2014-06-16,28.41,28.29,28.52,28.05,9167,1708万,1.64%,1.15
2014-06-17,28.31,29.01,29.22,28.16,28198,5378万,3.76%,3.53
2014-06-18,28.94,28.59,29.37,28.43,17970,3421万,3.26%,2.25
2014-06-19,28.59,27.41,29.22,27.26,22022,4119万,6.87%,2.76
2014-06-20,27.38,27.60,27.66,27.12,11837,2140万,1.97%,1.48
2014-06-23,27.72,27.72,27.95,27.42,11596,2121万,1.90%,1.45
2014-06-24,28.08,29.55,29.96,28.08,41601,8044万,6.76%,5.21
2014-06-25,29.30,29.30,29.52,28.97,21308,4102万,1.88%,2.67
2014-06-26,29.18,29.60,29.66,29.18,29605,5767万,1.64%,3.7
2014-06-27,29.60,29.49,29.82,29.22,18427,3582万,2.03%,2.31
2014-06-30,29.54,29.51,29.61,29.30,18342,3567万,1.07%,2.3
2014-07-01,29.52,29.45,29.66,29.31,17422,3375万,1.17%,2.18
2014-07-02,29.52,29.57,29.81,29.34,25160,4906万,1.58%,3.15
2014-07-03,29.57,29.37,29.67,29.34,16306,3174万,1.12%,2.04
2014-07-04,29.36,30.06,30.57,29.36,36488,7229万,4.14%,4.57
2014-07-07,29.90,29.70,30.21,29.57,23680,4641万,2.15%,2.96
2014-07-08,29.81,29.64,29.93,29.33,20117,3913万,2.02%,2.52
2014-07-09,29.60,29.64,29.85,29.48,19479,3806万,1.27%,2.43
2014-07-10,29.48,29.78,30.00,29.48,18179,3568万,1.77%,2.27
2014-07-11,29.85,29.40,29.88,29.27,21325,4151万,2.07%,2.66
2014-07-14,29.45,29.75,29.75,29.28,13647,2660万,1.58%,1.7
2014-07-15,29.70,29.46,29.73,29.28,10648,2070万,1.51%,1.33
2014-07-16,29.34,29.49,29.78,29.34,9708,1891万,1.48%,1.21
2014-07-17,29.09,28.62,29.09,28.17,21775,4087万,3.10%,2.72
2014-07-18,28.41,28.85,29.34,28.41,13530,1828万,3.23%,1.21
2014-07-21,28.79,27.68,28.81,27.17,24801,3222万,5.68%,2.21
2014-07-22,27.41,28.06,28.16,27.41,10877,1418万,2.73%,0.97
2014-07-23,28.06,27.30,28.37,27.30,13432,1738万,3.82%,1.2
2014-07-24,27.28,26.96,27.41,26.57,14080,1774万,3.08%,1.25
2014-07-25,26.96,27.13,27.34,26.88,9987,1262万,1.71%,0.89
2014-07-28,27.24,27.68,27.72,27.20,12688,1627万,1.93%,1.13
2014-07-29,27.38,28.16,28.31,27.38,22207,2909万,3.34%,1.98
2014-07-30,28.08,28.20,28.27,27.93,12372,1625万,1.19%,1.1
2014-07-31,28.10,28.29,28.35,28.08,10239,1352万,0.97%,0.91
2014-08-01,28.16,27.83,28.27,27.72,14675,1921万,1.93%,1.31
2014-08-04,27.83,28.12,28.25,27.68,7699,1010万,2.04%,0.69
2014-08-05,27.89,28.85,29.15,27.68,32455,4316万,5.23%,2.89
2014-08-06,28.79,28.92,28.96,28.46,15830,2133万,1.75%,1.41
2014-08-07,28.92,28.94,29.55,28.77,18024,2453万,2.69%,1.61
2014-08-08,28.88,29.09,29.27,28.88,13757,1867万,1.38%,1.23
2014-08-11,29.09,29.59,29.88,29.02,22524,3105万,2.96%,2.01
2014-08-12,29.57,29.46,29.67,29.30,17326,2384万,1.28%,1.54
2014-08-13,29.44,29.34,29.51,28.94,14811,2022万,1.92%,1.32
2014-08-14,29.30,29.25,29.65,29.04,15487,2132万,2.08%,1.38
2014-08-15,29.40,29.36,29.46,28.98,15161,2075万,1.65%,1.35
2014-08-18,29.67,30.32,30.60,29.53,37290,5277万,3.65%,3.32
2014-08-19,30.26,30.35,30.70,30.24,24629,3505万,1.52%,2.19
2014-08-20,30.35,30.53,30.64,30.18,19673,2799万,1.52%,1.75
2014-08-21,30.43,30.85,30.93,30.32,21238,3036万,1.99%,1.89
2014-08-22,30.91,32.72,33.08,30.66,57439,8627万,7.83%,5.12
2014-08-25,32.45,32.89,33.24,32.03,35460,5407万,3.72%,3.16
2014-08-26,32.68,31.75,33.22,31.35,36484,5516万,5.68%,3.25
2014-08-27,31.69,31.65,32.09,31.46,17321,2573万,1.98%,1.54
2014-08-28,31.50,31.67,32.11,31.40,19505,2897万,2.26%,1.74
2014-08-29,31.77,31.96,32.07,31.56,12381,1848万,1.59%,1.1
2014-09-01,31.94,32.66,32.80,31.92,16887,2561万,2.76%,1.5
2014-09-02,33.01,32.61,33.03,32.19,24895,3793万,2.57%,2.22
2014-09-03,32.61,32.63,32.84,32.19,23628,3598万,2.00%,2.1
2014-09-04,32.61,32.95,33.03,32.40,23728,3643万,1.93%,2.11
2014-09-05,32.87,33.45,33.45,32.53,29215,4528万,2.80%,2.6
2014-09-09,33.47,33.26,33.83,33.20,17736,2775万,1.88%,1.58
2014-09-10,33.24,33.08,33.41,32.66,18208,2823万,2.27%,1.62
2014-09-11,32.97,33.45,34.00,32.87,31266,4910万,3.43%,2.79
2014-09-12,33.52,33.41,33.66,33.03,25789,4019万,1.88%,2.3
2014-09-15,33.56,33.62,33.66,33.22,26024,4090万,1.32%,2.32
2014-09-16,33.58,32.66,33.98,32.66,43366,6794万,3.94%,3.86
2014-09-17,32.68,32.66,32.97,32.28,24822,3792万,2.12%,2.21
2014-09-18,32.66,32.47,32.74,32.34,14833,2261万,1.22%,1.32
2014-09-19,32.55,34.02,34.02,32.55,34636,5423万,4.53%,3.09
2014-09-22,33.71,34.42,34.84,33.35,42354,6764万,4.38%,3.77
2014-09-23,34.34,34.15,34.55,34.08,22377,3593万,1.34%,1.99
2014-09-24,34.25,34.52,34.69,33.94,26035,4211万,2.21%,2.32
2014-09-25,34.34,33.92,34.69,33.50,38284,6101万,3.47%,3.41
2014-09-26,33.71,34.55,34.88,33.71,25589,4129万,3.47%,2.28
2014-09-29,34.55,34.50,34.92,34.13,19227,3111万,2.31%,1.71
2014-09-30,34.55,34.55,34.57,34.15,25027,4030万,1.22%,2.23
2014-10-08,34.61,34.73,34.73,34.38,24997,4052万,1.03%,2.23
2014-10-09,34.73,35.28,35.83,34.61,31301,5166万,3.51%,2.79
2014-10-10,34.97,34.65,35.09,34.57,21805,3558万,1.49%,1.94
2014-10-13,34.10,34.36,34.50,33.83,23845,3807万,1.94%,2.12
2014-10-14,34.29,33.87,34.73,33.71,24394,3910万,3.00%,2.17
2014-10-15,33.89,33.89,34.13,33.56,18811,2981万,1.67%,1.68
2014-10-16,33.85,33.60,34.08,33.58,14228,2254万,1.49%,1.27
2014-10-17,33.54,32.53,33.60,32.17,22441,3441万,4.25%,2
2014-10-20,32.61,32.76,33.01,32.61,10746,1652万,1.23%,0.96
2014-10-21,32.55,32.38,33.01,32.34,11776,1800万,2.05%,1.05
2014-10-22,32.17,31.23,32.66,31.08,21507,3213万,4.86%,1.92
2014-10-23,31.35,30.32,31.50,30.14,16647,2385万,4.37%,1.48
2014-10-24,30.43,30.62,30.79,30.30,13618,1949万,1.59%,1.21
2014-10-27,30.68,31.08,31.14,30.35,11831,1709万,2.61%,1.05
2014-10-28,31.19,32.17,32.21,31.19,15831,2354万,3.31%,1.41
2014-10-29,32.19,32.34,32.97,32.19,21800,3326万,2.42%,1.94
2014-10-30,32.51,32.15,32.76,32.00,16524,2507万,2.34%,1.47
2014-10-31,32.80,32.00,32.80,31.61,15685,2352万,3.72%,1.4
2014-11-03,32.03,32.19,32.34,31.98,15974,2403万,1.12%,1.42
2014-11-04,32.19,31.69,32.28,31.54,18390,2741万,2.28%,1.64
2014-11-05,31.63,31.65,31.92,31.40,11191,1656万,1.66%,1
2014-11-06,31.82,31.96,31.96,31.58,10983,1635万,1.19%,0.98
2014-11-07,31.98,31.58,32.13,31.35,14628,2181万,2.43%,1.3
2014-11-10,31.61,31.56,31.88,31.44,12298,1817万,1.40%,1.1
2014-11-11,31.58,30.49,31.58,30.16,22694,3270万,4.52%,2.02
2014-11-12,30.14,31.04,31.12,30.14,14219,2042万,3.24%,1.27
2014-11-13,30.79,29.88,31.02,29.72,26542,3729万,4.19%,2.36
2014-11-14,29.99,29.82,30.14,29.72,12550,1751万,1.41%,1.12
2014-11-17,29.90,30.22,30.41,29.80,12862,1815万,2.04%,1.15
2014-11-18,30.26,30.30,30.35,30.05,9862,1394万,0.97%,0.88
2014-11-19,30.32,30.85,30.95,30.26,15055,2163万,2.29%,1.34
2014-11-20,30.98,30.87,31.27,30.70,16550,2402万,1.84%,1.47
2014-11-21,30.77,31.08,31.29,30.60,17421,2537万,2.24%,1.55
2014-11-24,31.40,31.19,31.46,30.83,18474,2683万,2.03%,1.65
2014-11-25,31.00,31.63,31.67,30.98,28828,4251万,2.22%,2.57
2014-11-26,31.75,31.63,31.88,31.27,22926,3375万,1.93%,2.04
2014-11-27,31.61,31.48,31.75,31.23,26747,3946万,1.66%,2.38
2014-11-28,31.54,31.54,31.71,31.29,34370,5066万,1.33%,3.06
2014-12-01,31.31,30.43,31.48,30.24,32300,4633万,3.93%,2.88
2014-12-02,30.43,30.60,30.89,30.43,18417,2641万,1.52%,1.64
2014-12-03,30.74,30.77,30.93,29.95,25338,3593万,3.23%,2.26
2014-12-04,30.56,31.08,31.23,30.47,30531,4417万,2.46%,2.72
2014-12-05,31.00,30.01,31.04,29.53,28615,4049万,4.86%,2.55
2014-12-08,29.90,29.17,29.90,28.92,35339,4836万,3.29%,3.15
2014-12-09,28.71,27.83,28.71,27.74,28787,3787万,3.31%,2.56
2014-12-10,27.85,28.50,28.56,27.68,21634,2858万,3.17%,1.93
2014-12-11,28.54,28.71,28.77,28.18,26583,3535万,2.06%,2.37
2014-12-12,28.83,29.09,29.09,28.71,22358,3024万,1.32%,1.99
2014-12-15,29.04,29.53,29.61,28.88,24722,3392万,2.53%,2.2
2014-12-16,29.36,29.11,29.97,28.98,18888,2588万,3.34%,1.68
2014-12-17,29.06,28.50,29.06,28.37,19517,2609万,2.38%,1.74
2014-12-18,28.37,28.64,28.98,28.27,14311,1915万,2.51%,1.27
2014-12-19,28.39,28.14,28.69,27.76,18569,2434万,3.23%,1.65
2014-12-22,28.29,26.46,28.29,26.10,24174,3020万,7.76%,2.15
2014-12-23,26.36,25.96,26.75,25.60,18651,2281万,4.37%,1.66
2014-12-24,26.10,26.50,26.50,25.96,11450,1404万,2.10%,1.02
2014-12-25,26.50,26.84,26.88,26.48,13812,1724万,1.51%,1.23
2014-12-26,26.71,26.38,26.86,26.19,12890,1589万,2.50%,1.15
2014-12-29,26.54,25.56,26.54,25.47,19912,2398万,4.06%,1.77
2014-12-30,25.35,25.41,25.81,25.01,13903,1648万,3.12%,1.24
2014-12-31,25.41,25.64,25.89,25.28,11064,1319万,2.40%,0.99
2015-01-05,25.41,25.77,25.79,25.16,16101,1913万,2.46%,1.43
2015-01-06,25.10,26.69,26.69,25.10,20804,2539万,6.19%,1.85
2015-01-07,26.78,26.31,26.78,26.15,11905,1465万,2.36%,1.06
2015-01-08,26.25,26.48,26.73,26.25,17052,2111万,1.84%,1.52
2015-01-09,26.52,26.48,26.73,26.40,16750,2075万,1.27%,1.49
2015-01-12,26.10,25.91,26.38,25.73,14981,1813万,2.46%,1.34
2015-01-13,25.91,26.73,26.73,25.73,25189,3116万,3.89%,2.24
2015-01-14,26.61,26.36,26.90,26.15,16484,2036万,2.83%,1.47
2015-01-15,26.33,26.40,26.67,26.25,14175,1751万,1.59%,1.26
2015-01-16,26.40,26.96,27.09,26.36,29466,3680万,2.78%,2.63
2015-01-19,26.52,27.05,27.76,26.36,32075,4056万,5.22%,2.86
2015-01-20,27.07,28.14,28.27,27.01,52151,6755万,4.66%,4.65
2015-01-21,28.06,27.97,28.58,27.74,54408,7122万,2.99%,4.85
2015-01-22,27.95,28.08,28.10,27.57,37840,4916万,1.88%,3.37
2015-01-23,28.08,27.49,28.12,27.41,30270,3920万,2.54%,2.7
2015-01-26,27.59,28.20,28.20,27.59,28433,3714万,2.22%,2.53
2015-01-27,28.22,28.06,28.33,27.64,31902,4176万,2.46%,2.84
2015-01-28,27.83,28.81,29.23,27.66,67786,9117万,5.61%,6.04
2015-01-29,28.46,28.62,29.15,28.18,33116,4435万,3.35%,2.95
2015-01-30,28.64,27.57,28.75,27.57,29569,3866万,4.11%,2.63
2015-02-02,27.17,27.30,27.55,26.99,20189,2572万,2.06%,1.8
2015-02-03,27.17,28.50,28.75,27.17,42015,5545万,5.77%,3.74
2015-02-04,28.64,28.31,28.69,28.25,23361,3102万,1.55%,2.08
2015-02-05,28.33,28.88,29.44,28.27,62269,8447万,4.15%,5.55
2015-02-06,28.67,29.63,30.37,28.67,83434,1.15亿,5.89%,7.44
2015-02-09,29.65,28.69,29.90,28.56,40269,5488万,4.54%,3.59
2015-02-10,28.46,28.98,28.98,28.25,28861,3855万,2.56%,2.57
2015-02-11,29.06,29.74,29.74,28.88,39589,5427万,2.97%,3.53
2015-02-12,30.24,29.82,30.74,29.63,43377,6090万,3.74%,3.87
2015-02-13,29.84,29.82,30.45,29.67,44010,6171万,2.61%,3.92
2015-02-16,29.74,30.77,30.87,29.74,54855,7811万,3.80%,4.89
2015-02-17,30.66,30.16,30.66,29.80,47463,6697万,2.80%,4.23
2015-02-25,30.24,29.80,30.24,29.61,30687,4281万,2.09%,2.73
2015-02-26,29.82,29.93,29.99,29.42,29004,4025万,1.90%,2.58
2015-02-27,29.93,30.11,30.22,29.72,34614,4864万,1.68%,3.08
2015-03-02,30.14,30.62,30.70,29.95,46667,6634万,2.51%,4.16
2015-03-03,30.41,30.28,30.85,30.18,49366,7035万,2.19%,4.4
2015-03-04,30.24,31.02,31.08,29.99,58547,8397万,3.61%,5.22
2015-03-05,31.06,30.72,31.19,30.49,44617,6416万,2.23%,3.98
2015-03-06,30.72,31.08,31.71,30.51,79904,1.16亿,3.90%,7.12
2015-03-09,31.82,32.00,32.38,31.08,82469,1.22亿,4.19%,7.35
2015-03-10,32.13,32.24,32.32,31.65,51382,7706万,2.10%,4.58
2015-03-11,31.94,31.58,32.24,31.42,37043,5498万,2.54%,3.3
2015-03-12,31.52,31.58,32.57,31.48,60397,9043万,3.46%,5.38
2015-03-13,31.73,32.40,32.66,31.44,61255,9200万,3.86%,5.46
2015-03-16,32.57,33.10,33.60,32.57,66454,1.03亿,3.18%,5.92
2015-03-17,33.18,33.96,34.25,32.97,88251,1.40亿,3.87%,7.86
2015-03-18,33.89,35.81,37.02,33.39,106059,1.75亿,10.70%,9.45
2015-03-19,35.47,35.20,36.20,34.50,75262,1.25亿,4.75%,6.71
2015-03-20,35.45,36.29,36.83,34.86,86588,1.46亿,5.61%,7.72
2015-03-23,36.73,37.82,38.16,36.02,98160,1.70亿,5.90%,8.75
2015-03-24,37.49,37.02,37.86,34.97,116226,2.00亿,7.66%,10.36
2015-03-25,36.92,36.44,37.30,35.60,85860,1.47亿,4.59%,7.65
2015-03-26,36.12,37.91,40.03,35.91,129994,2.31亿,11.30%,11.58
2015-03-27,37.91,38.37,38.70,37.34,83367,1.48亿,3.60%,7.43
2015-03-30,38.39,37.46,38.51,37.02,72440,1.28亿,3.89%,6.46
2015-03-31,37.17,37.28,37.91,37.07,48755,8576万,2.24%,4.34
2015-04-01,37.28,38.18,38.49,37.07,53400,9488万,3.83%,4.76
2015-04-02,38.12,38.75,39.14,37.82,57183,1.03亿,3.47%,5.1
2015-04-03,38.22,39.27,39.44,37.91,64514,1.18亿,3.96%,5.75
2015-04-07,40.05,39.88,41.56,39.77,62425,1.19亿,4.55%,5.56
2015-04-08,40.80,39.06,40.80,37.19,66204,1.22亿,9.06%,5.9
2015-04-09,39.12,38.56,39.33,36.08,71346,1.27亿,8.33%,6.36
2015-04-10,37.97,39.69,40.43,37.80,62046,1.14亿,6.81%,5.53
2015-04-13,39.59,40.43,40.93,39.38,57353,1.09亿,3.92%,5.11
2015-04-14,40.72,39.73,41.10,39.38,46576,8784万,4.26%,4.15
2015-04-15,39.21,37.09,39.71,37.09,51844,9236万,6.61%,4.62
2015-04-16,36.86,37.28,37.95,36.23,32589,5690万,4.64%,2.9
2015-04-17,38.07,37.19,38.30,36.86,38202,6710万,3.89%,3.4
2015-04-20,37.23,36.60,37.84,36.23,56974,9838万,4.35%,5.08
2015-04-22,37.70,37.61,38.75,37.40,82948,1.48亿,3.67%,7.39
2015-04-23,37.70,38.01,38.96,37.53,90938,1.63亿,3.80%,8.1
2015-04-24,37.70,37.17,37.70,36.44,67675,1.18亿,3.31%,6.03
2015-04-27,37.23,37.44,38.33,37.19,61533,1.09亿,3.05%,5.48
2015-04-28,37.67,36.75,38.72,36.23,57626,1.01亿,6.67%,5.14
2015-04-29,36.65,38.62,38.91,36.39,77787,1.39亿,6.86%,6.93
2015-04-30,38.70,38.09,39.31,38.07,70614,1.28亿,3.21%,6.29
2015-05-04,38.07,37.65,38.07,36.69,43370,7652万,3.64%,3.86
2015-05-05,37.70,38.64,39.17,37.32,69685,1.26亿,4.91%,6.21
2015-05-06,38.85,39.21,41.48,38.37,116811,2.20亿,8.04%,10.41
2015-05-07,38.75,38.96,40.40,38.35,77848,1.45亿,5.25%,6.94
2015-05-08,39.38,42.80,42.80,39.38,120759,2.37亿,8.79%,10.76
2015-05-11,44.25,45.47,47.02,44.25,181668,3.89亿,6.48%,16.19
2015-05-12,44.81,48.47,49.46,44.60,145344,3.22亿,10.67%,12.95
2015-05-13,46.31,46.56,48.38,45.68,111750,2.46亿,5.59%,9.96
2015-05-14,46.70,47.84,49.08,46.10,90275,2.02亿,6.41%,8.04
2015-05-15,46.94,45.89,47.10,45.05,68672,1.49亿,4.30%,6.12
2015-05-18,45.68,49.50,50.23,45.26,103505,2.35亿,10.85%,9.22
2015-05-19,49.25,49.62,50.00,47.02,93790,2.14亿,6.02%,8.36
2015-05-20,49.67,51.09,53.00,49.46,93973,2.30亿,7.15%,8.37
2015-05-21,51.11,56.15,56.15,50.93,94281,2.42亿,10.23%,8.4
2015-05-22,58.59,54.31,59.70,53.45,141775,3.71亿,11.14%,12.63
2015-05-25,53.24,54.37,55.48,51.20,102216,2.56亿,7.89%,9.11
2015-05-26,54.26,57.62,59.20,54.08,89857,2.41亿,9.42%,8.01
2015-05-27,56.97,59.96,60.98,55.97,95057,2.60亿,8.71%,8.47
2015-05-28,59.98,54.71,62.48,54.71,104265,2.89亿,12.96%,9.29
2015-05-29,55.13,55.78,58.00,49.88,89561,2.32亿,14.86%,7.98
2015-06-01,55.55,59.09,59.54,55.15,86508,2.38亿,7.87%,7.71
2015-06-02,59.12,64.95,64.95,58.82,128259,3.78亿,10.38%,11.43
2015-06-03,64.58,64.97,67.73,62.35,107836,3.32亿,8.28%,9.61
2015-06-04,64.11,61.43,64.47,58.53,100260,2.89亿,9.15%,8.93
2015-06-05,62.43,60.96,63.95,59.56,80203,2.35亿,7.15%,7.15
2015-06-08,60.38,57.02,60.90,55.19,105764,2.87亿,9.37%,9.42
2015-06-09,56.57,58.49,59.56,56.22,88999,2.45亿,5.86%,7.93
2015-06-10,57.23,60.50,61.87,56.62,66380,1.87亿,8.98%,5.92
2015-06-11,60.59,63.11,63.29,60.50,75394,2.22亿,4.62%,6.72
2015-06-12,64.26,63.42,66.19,62.52,84402,2.56亿,5.82%,7.52
2015-06-15,63.53,60.06,64.45,59.79,87368,2.56亿,7.35%,7.79
2015-06-16,58.61,56.34,59.20,55.44,75050,2.03亿,6.26%,6.69
2015-06-17,56.18,60.06,60.06,55.25,66825,1.82亿,8.54%,5.95
2015-06-18,60.59,56.60,61.38,56.39,53027,1.49亿,8.32%,4.73
2015-06-19,54.89,50.99,55.06,50.99,56111,1.40亿,7.20%,3.42
2015-06-23,51.24,52.98,53.15,46.52,58051,1.40亿,13.01%,3.54
2015-06-24,53.84,53.45,54.24,52.50,51574,1.30亿,3.29%,3.14
2015-06-25,53.11,50.57,56.91,49.92,47906,1.20亿,13.08%,2.92
2015-06-26,49.46,45.57,49.46,45.57,61553,1.35亿,7.68%,3.75
2015-06-29,46.10,41.08,46.47,41.08,61345,1.22亿,11.84%,3.74
2015-06-30,40.01,42.57,44.63,37.02,83046,1.54亿,18.51%,4.96
2015-07-01,41.90,38.37,43.41,38.37,114999,2.23亿,11.84%,6.87
2015-07-02,36.86,34.59,37.76,34.59,73625,1.22亿,8.26%,4.4
2015-07-03,32.17,31.19,35.05,31.19,66701,1.00亿,11.17%,3.98
2015-07-06,34.23,28.12,34.23,28.12,83757,1.20亿,19.60%,5
2015-07-07,27.51,25.37,27.51,25.37,34346,4086万,7.62%,2.05
2015-07-08,22.89,24.80,25.68,22.89,208422,2.28亿,11.01%,12.45
2015-07-09,23.42,27.24,27.24,23.42,92417,1.13亿,15.41%,5.52
2015-07-10,29.51,29.90,29.90,28.60,39373,5446万,4.78%,2.35
2015-07-13,32.76,32.84,32.84,31.10,105916,1.61亿,5.83%,6.33
2015-07-14,33.71,34.34,36.08,31.65,198616,3.21亿,13.49%,11.86
2015-07-15,32.80,30.95,33.10,30.95,112130,1.68亿,6.24%,6.7
2015-07-16,28.12,31.61,32.87,28.12,85347,1.24亿,15.33%,5.1
2015-07-17,31.79,33.71,34.42,31.52,99459,1.53亿,9.17%,5.94
2015-07-20,33.66,34.13,35.11,32.76,103983,1.65亿,6.98%,6.21
2015-07-21,33.77,35.55,35.57,33.08,99435,1.61亿,7.32%,5.94
2015-07-22,35.22,35.49,36.02,34.13,85877,1.42亿,5.32%,5.13
2015-07-23,35.47,37.59,37.70,35.03,91545,1.57亿,7.51%,5.47
2015-07-24,37.80,35.81,37.88,35.55,102215,1.78亿,6.20%,6.1
2015-07-27,34.97,32.28,36.86,32.28,89343,1.46亿,12.79%,5.34
2015-07-28,29.88,30.62,32.91,29.19,81633,1.17亿,11.52%,4.87
2015-07-29,31.56,32.74,32.87,29.19,86789,1.25亿,12.00%,5.18
2015-07-30,32.45,30.81,33.26,30.81,69812,1.06亿,7.50%,4.17
2015-07-31,30.14,29.82,31.14,29.34,44364,6285万,5.86%,2.65
2015-08-03,29.46,27.36,29.46,27.03,53061,6991万,8.17%,3.17
2015-08-04,27.78,30.05,30.05,27.62,64039,8699万,8.90%,3.82
2015-08-05,30.14,30.53,31.69,29.84,73447,1.06亿,6.15%,4.39
2015-08-06,29.88,31.65,31.77,29.51,57875,8352万,7.43%,3.46
2015-08-07,31.92,33.50,33.60,31.92,76519,1.18亿,5.31%,4.57
2015-08-10,33.66,35.39,36.02,33.31,83847,1.36亿,8.09%,5.01
2015-08-11,35.36,35.18,35.97,34.59,81440,1.35亿,3.92%,4.86
2015-08-12,34.55,35.11,36.23,34.13,99752,1.65亿,5.97%,5.96
2015-08-13,34.55,36.58,36.96,34.50,96110,1.62亿,7.00%,5.74
2015-08-14,36.60,37.19,38.49,36.56,102583,1.81亿,5.28%,6.13
2015-08-17,37.32,40.87,40.87,37.32,63860,1.20亿,9.54%,3.81
2015-08-18,42.53,37.72,44.90,37.09,301558,6.08亿,19.12%,18.01
2015-08-19,35.22,41.43,41.43,34.80,210574,3.85亿,17.59%,12.58
2015-08-20,40.19,40.47,43.55,39.75,177794,3.50亿,9.17%,10.62
2015-08-21,38.89,38.16,40.68,36.60,136904,2.48亿,10.07%,8.18
2015-08-24,36.27,34.40,36.27,34.40,46423,7544万,4.90%,2.77
2015-08-25,31.02,31.02,32.07,31.02,52066,7578万,3.05%,3.11
2015-08-26,30.66,27.97,31.71,27.97,125845,1.73亿,12.05%,7.52
2015-08-27,28.81,28.73,29.69,26.00,74366,9857万,13.21%,4.44
2015-08-28,29.34,31.52,31.54,28.94,96212,1.35亿,9.06%,5.75
2015-08-31,30.64,28.90,31.23,28.83,71019,9951万,7.59%,4.24
2015-09-01,28.08,26.06,28.10,26.06,63926,7952万,7.05%,3.82
2015-09-02,23.69,23.63,27.41,23.63,57645,6689万,14.50%,3.44
2015-09-07,24.61,24.80,25.70,24.30,56172,6553万,5.96%,3.35
2015-09-08,25.07,27.22,27.22,24.51,60124,7258万,10.92%,3.59
2015-09-09,28.31,29.59,29.88,27.87,88792,1.21亿,7.41%,5.3
2015-09-10,28.96,28.43,29.55,28.14,54358,7357万,4.76%,3.25
2015-09-11,28.50,31.23,31.23,28.43,94499,1.33亿,9.82%,5.64
2015-09-14,31.40,28.16,31.82,28.16,89404,1.24亿,11.70%,5.34
2015-09-15,26.59,25.41,28.14,25.41,68242,8399万,9.69%,4.08
2015-09-16,25.85,27.89,27.89,25.81,68143,8517万,8.18%,4.07
2015-09-17,28.52,29.13,30.62,28.52,123178,1.72亿,7.53%,7.36
2015-09-18,28.92,29.72,30.14,28.33,90627,1.24亿,6.20%,5.41
2015-09-21,29.02,30.83,31.02,28.58,80682,1.14亿,8.20%,4.82
2015-09-22,30.98,30.60,31.44,29.76,75331,1.08亿,5.45%,4.5
2015-09-23,30.07,30.79,31.65,29.82,79675,1.15亿,5.97%,4.76
2015-09-24,30.74,31.23,31.54,30.58,58055,8443万,3.14%,3.47
2015-09-25,30.70,29.23,31.31,28.94,61430,8584万,7.60%,3.67
2015-09-28,29.23,30.85,31.19,28.75,49447,6934万,8.33%,2.95
2015-09-29,30.07,30.32,31.04,29.76,40141,5683万,4.15%,2.4
2015-09-30,30.28,29.67,30.70,29.23,30638,4289万,4.85%,1.83
2015-10-08,31.29,30.91,31.54,30.51,69428,1.01亿,3.47%,4.15
2015-10-09,30.72,31.88,32.07,30.72,59202,8712万,4.35%,3.54
2015-10-12,31.96,32.87,33.79,31.96,147306,2.27亿,5.73%,8.8
2015-10-13,32.30,33.45,34.17,32.15,141417,2.21亿,6.13%,8.45
2015-10-14,33.08,32.57,33.66,32.55,83897,1.29亿,3.33%,5.01
2015-10-15,32.59,34.15,34.31,32.59,102544,1.61亿,5.29%,6.12
2015-10-16,34.15,35.24,35.81,33.29,141983,2.29亿,7.38%,8.48
2015-10-19,34.90,34.19,35.41,33.71,97689,1.58亿,4.83%,5.83
2015-10-20,34.08,35.28,35.49,33.98,95977,1.57亿,4.42%,5.73
2015-10-21,34.94,31.82,35.60,31.82,117678,1.87亿,10.71%,7.03
2015-10-22,32.05,33.39,33.87,31.90,91785,1.41亿,6.20%,5.48
2015-10-23,34.19,34.80,35.30,33.81,108608,1.76亿,4.47%,6.49
2015-10-26,35.22,35.53,36.81,34.59,120081,2.00亿,6.40%,7.17
2015-10-27,34.90,35.89,36.14,33.14,102778,1.67亿,8.45%,6.14
2015-10-28,35.60,34.82,36.39,34.65,90534,1.51亿,4.86%,5.41
2015-10-29,35.62,35.72,36.25,34.86,79116,1.32亿,3.98%,4.72
2015-10-30,35.53,36.35,38.20,34.42,130249,2.20亿,10.58%,7.78
2015-11-02,35.22,34.42,36.33,34.17,88374,1.47亿,5.95%,5.28
2015-11-03,34.38,34.17,35.30,33.92,61736,9958万,4.03%,3.69
2015-11-04,34.57,36.29,36.35,34.31,89339,1.49亿,5.96%,5.34
2015-11-05,36.56,36.27,37.17,35.55,104453,1.78亿,4.46%,6.24
2015-11-06,36.65,37.57,37.91,36.50,120096,2.10亿,3.88%,7.17
2015-11-09,37.32,38.93,39.31,36.48,138548,2.46亿,7.55%,8.27
2015-11-10,38.37,38.49,39.00,37.88,91970,1.66亿,2.86%,5.49
2015-11-11,38.39,39.80,40.34,38.33,109679,2.03亿,5.24%,6.55
2015-11-12,39.73,39.69,40.15,38.39,102574,1.89亿,4.43%,6.13
2015-11-13,38.96,39.54,41.71,38.70,156304,2.96亿,7.57%,9.33
2015-11-16,38.72,40.57,40.59,38.45,97614,1.81亿,5.42%,5.83
2015-11-17,40.78,39.08,41.08,39.00,121714,2.29亿,5.12%,7.27
2015-11-18,39.31,38.41,40.15,38.20,75641,1.40亿,5.00%,4.52
2015-11-19,38.66,40.03,40.07,38.41,61243,1.13亿,4.32%,3.66
2015-11-20,40.05,40.45,40.97,39.46,86746,1.64亿,3.78%,5.18
2015-11-23,40.57,39.84,41.83,39.80,93217,1.79亿,5.04%,5.57
2015-11-24,39.94,41.92,42.42,39.31,102988,1.98亿,7.80%,6.15
2015-11-25,41.41,43.07,43.79,41.35,116515,2.35亿,5.81%,6.96
2015-11-26,43.09,42.92,43.60,42.06,84286,1.69亿,3.56%,5.03
2015-11-27,42.65,38.96,43.62,38.68,113828,2.22亿,11.50%,6.8
2015-11-30,39.40,38.98,39.71,36.06,108189,1.93亿,9.38%,6.46
2015-12-01,38.68,38.51,39.17,37.86,64200,1.16亿,3.34%,3.83
2015-12-02,38.58,36.73,38.75,35.03,78073,1.34亿,9.65%,4.66
2015-12-03,37.32,38.51,38.58,36.96,61909,1.10亿,4.40%,3.7
2015-12-04,38.26,39.21,39.73,37.88,81172,1.48亿,4.80%,4.85
2015-12-07,39.35,40.61,40.85,38.75,63992,1.20亿,5.36%,3.82
2015-12-08,40.57,39.06,40.57,39.00,54684,1.02亿,3.88%,3.27
2015-12-09,38.75,39.38,39.73,37.99,55535,1.02亿,4.46%,3.32
2015-12-10,39.31,40.09,41.10,39.06,77917,1.47亿,5.17%,4.65
2015-12-11,39.69,38.89,39.88,38.79,51456,9489万,2.72%,3.07
2015-12-14,38.26,40.19,40.19,38.12,35928,6590万,5.35%,2.15
2015-12-15,40.26,40.74,41.14,40.17,50973,9756万,2.40%,3.04
2015-12-16,41.14,41.06,41.90,40.74,60913,1.18亿,2.84%,3.64
2015-12-17,41.31,42.44,43.16,41.31,60323,1.20亿,4.50%,3.6
2015-12-18,42.57,42.04,42.88,41.54,62503,1.24亿,3.17%,3.73
2015-12-21,42.00,42.69,42.80,41.48,62780,1.24亿,3.15%,3.75
2015-12-22,42.78,42.69,43.43,41.94,50819,1.02亿,3.49%,3.03
2015-12-23,42.95,41.69,43.24,41.52,53002,1.06亿,4.03%,3.17
2015-12-24,41.54,42.25,42.53,40.49,43114,8391万,4.89%,2.57
2015-12-25,42.25,43.07,43.70,42.17,54987,1.11亿,3.63%,3.28
2015-12-28,43.30,41.85,44.84,41.79,92763,1.91亿,7.07%,5.54
2015-12-29,41.87,43.76,43.76,41.77,63551,1.27亿,4.77%,3.8
2015-12-30,43.91,45.09,45.84,43.58,97311,2.06亿,5.18%,5.81
2015-12-31,44.77,45.76,47.23,44.77,111198,2.40亿,5.45%,6.64
2016-01-04,45.76,41.24,45.76,41.24,72604,1.49亿,9.87%,4.34
2016-01-05,39.00,39.54,42.13,37.17,110187,2.06亿,12.02%,6.58
2016-01-06,39.80,40.34,40.38,38.20,66074,1.23亿,5.52%,3.95
2016-01-07,39.38,36.37,39.38,36.37,22046,3854万,7.44%,1.32
2016-01-08,37.28,36.06,37.74,33.29,83318,1.40亿,12.24%,4.98
2016-01-11,35.41,32.51,35.43,32.51,70295,1.10亿,8.10%,4.2
2016-01-12,32.07,32.19,32.97,31.27,45786,6910万,5.23%,2.73
2016-01-13,32.78,30.28,33.37,30.09,51282,7757万,10.18%,3.06
2016-01-14,29.34,31.61,32.07,28.96,56983,8102万,10.26%,3.4
2016-01-15,31.65,29.76,31.71,29.55,53893,7737万,6.84%,3.22
2016-01-18,29.13,30.66,31.48,28.98,53373,7602万,8.40%,3.19
2016-01-19,30.89,32.11,32.59,30.56,46683,6876万,6.64%,2.79
2016-01-20,32.07,32.24,33.01,31.46,51951,7836万,4.84%,3.1
2016-01-21,31.61,31.23,33.22,31.14,40821,6150万,6.45%,2.44
2016-01-22,31.63,32.19,32.19,30.39,42291,6191万,5.78%,2.53
2016-01-25,32.30,33.03,33.26,32.17,43644,6700万,3.39%,2.61
2016-01-26,32.68,29.78,32.68,29.78,49634,7262万,8.77%,2.96
2016-01-27,29.82,28.92,30.28,27.07,62821,8269万,10.79%,3.75
2016-01-28,28.50,27.47,29.44,27.45,38415,5126万,6.90%,2.29
2016-01-29,26.96,28.96,29.55,26.96,35797,4742万,9.40%,2.14
2016-02-01,28.90,28.83,29.11,28.10,25270,3390万,3.48%,1.51
2016-02-02,28.81,30.16,30.60,28.81,39020,5450万,6.19%,2.33
2016-02-03,29.97,30.35,30.53,29.23,30254,4209万,4.32%,1.81
2016-02-04,30.20,31.23,31.25,30.20,41451,5992万,3.46%,2.48
2016-02-05,31.54,30.47,31.75,30.26,31553,4559万,4.77%,1.88
2016-02-15,29.40,30.51,30.64,28.75,29919,4145万,6.20%,1.79
2016-02-16,30.79,32.11,32.70,30.53,52966,7875万,7.09%,3.16
2016-02-17,32.11,32.59,32.97,31.27,63256,9550万,5.30%,3.78
2016-02-18,32.82,32.91,34.08,31.98,80244,1.24亿,6.44%,4.79
2016-02-19,32.70,33.92,34.52,32.66,96457,1.53亿,5.68%,5.76
2016-02-22,34.23,34.06,34.55,33.39,52239,8288万,3.41%,3.12
2016-02-23,33.96,33.33,34.02,32.55,48649,7582万,4.32%,2.91
2016-02-24,33.18,33.98,34.06,32.38,57825,9014万,5.04%,3.45
2016-02-25,33.92,31.86,34.86,30.77,95922,1.48亿,12.05%,5.73
2016-05-10,29.30,30.05,31.19,29.30,88731,1.25亿,5.93%,5.29
2016-05-11,30.07,30.24,31.40,29.82,74433,1.06亿,5.24%,4.44
2016-05-12,29.76,29.38,29.84,28.71,48313,6595万,3.75%,2.88
2016-05-13,29.32,29.74,30.26,29.11,44039,6096万,3.93%,2.63
2016-05-16,30.14,31.21,31.29,29.97,54151,7777万,4.45%,3.23
2016-05-17,30.98,31.54,32.49,30.95,66911,9956万,4.91%,3.99
2016-05-18,31.04,30.14,31.23,29.44,62534,8835万,5.66%,3.73
2016-05-19,30.07,30.39,31.12,30.07,50285,7210万,3.48%,3
2016-05-20,29.97,31.44,31.65,29.76,56827,8196万,6.22%,3.39
2016-05-23,31.61,32.53,33.03,31.35,88204,1.33亿,5.34%,5.26
2016-05-24,32.38,32.11,32.59,31.65,40914,6141万,2.91%,2.44
2016-05-25,32.17,32.80,33.68,32.17,89210,1.38亿,4.71%,5.32
2016-05-26,32.47,32.80,32.99,31.48,57278,8628万,4.61%,3.42
2016-05-27,32.70,32.42,32.99,32.28,44281,6764万,2.18%,2.64
2016-05-30,31.88,32.13,32.80,31.71,40960,6184万,3.37%,2.44
2016-05-31,32.19,33.92,34.15,32.19,86785,1.36亿,6.08%,5.18
2016-06-01,33.92,34.50,35.18,33.75,86072,1.40亿,4.21%,5.14
2016-06-02,34.19,34.61,34.97,34.17,58476,9447万,2.31%,3.49
2016-06-03,34.59,34.63,35.22,34.38,73272,1.19亿,2.43%,4.37
2016-06-06,34.73,34.55,34.90,34.36,49354,7986万,1.58%,2.95
2016-06-07,34.48,34.42,34.69,33.79,53244,8550万,2.61%,3.18
2016-06-08,34.36,35.57,36.14,34.19,116428,1.92亿,5.67%,6.95
2016-06-13,34.69,32.42,35.11,32.30,75602,1.21亿,7.91%,4.51
2016-06-14,32.30,32.70,32.87,32.13,44557,6781万,2.27%,2.66
2016-06-15,32.40,34.55,34.67,32.07,64248,1.02亿,7.96%,3.83
2016-06-16,34.38,34.61,35.11,34.21,58173,9453万,2.61%,3.47
2016-06-17,34.59,35.64,36.27,34.59,71185,1.18亿,4.85%,4.25
2016-06-20,35.22,37.42,37.46,35.22,96549,1.66亿,6.31%,5.76
2016-06-21,37.32,35.70,37.46,35.70,82781,1.42亿,4.71%,4.94
2016-06-22,35.78,37.76,37.93,35.78,75277,1.30亿,6.00%,4.49
2016-06-23,37.72,37.07,37.78,36.56,52100,9085万,3.23%,3.11
2016-06-24,37.02,36.06,37.38,35.18,82660,1.40亿,5.95%,4.93
2016-06-27,35.97,37.59,37.74,35.95,61934,1.08亿,4.95%,3.7
2016-06-28,37.28,38.28,38.70,37.13,75541,1.35亿,4.19%,4.51
2016-06-29,38.20,37.99,38.47,37.53,53178,9475万,2.47%,3.17
2016-06-30,38.64,37.97,38.93,37.74,57520,1.03亿,3.15%,3.43
2016-07-01,38.07,37.21,38.16,37.07,49671,8735万,2.88%,2.96
2016-07-04,36.98,38.14,38.33,36.92,50636,9006万,3.78%,3.02
2016-07-05,38.16,37.76,38.20,37.23,54834,9691万,2.53%,3.27
2016-07-06,37.63,38.51,38.79,37.57,65755,1.18亿,3.23%,3.92
2016-07-07,38.51,38.18,38.79,37.59,55281,9895万,3.11%,3.3
2016-07-08,38.14,38.28,38.70,37.88,40390,7251万,2.15%,2.41
2016-07-11,38.28,37.99,38.62,37.97,41022,7360万,1.70%,2.45
2016-07-12,38.05,37.86,38.35,36.69,60909,1.07亿,4.37%,3.63
2016-07-13,37.95,38.03,38.20,37.65,43231,7699万,1.44%,2.58
2016-07-14,37.53,38.18,38.24,37.40,50793,9027万,2.21%,3.03
2016-07-15,38.07,38.43,38.51,37.88,34342,6159万,1.65%,2.05
2016-07-18,38.43,38.26,38.64,37.67,39267,7035万,2.51%,2.34
2016-07-19,38.16,38.28,38.37,37.70,28972,5163万,1.76%,1.73
2016-07-20,38.22,38.66,38.91,38.09,48247,8719万,2.14%,2.88
2016-07-21,38.62,39.27,40.22,38.60,75082,1.39亿,4.18%,4.48
2016-07-22,39.14,38.24,39.54,38.24,43979,8006万,3.32%,2.62
2016-07-25,38.35,37.53,38.35,37.49,36792,6521万,2.25%,2.2
2016-07-26,37.63,38.37,38.49,37.40,31406,5597万,2.91%,1.87
2016-07-27,38.39,35.72,38.51,35.28,62408,1.07亿,8.43%,3.72
2016-07-28,35.60,35.70,36.71,35.09,45327,7583万,4.53%,2.7
2016-07-29,35.70,35.78,36.58,35.32,28280,4747万,3.53%,1.69
2016-08-01,35.62,34.17,35.62,33.62,44801,7205万,5.58%,2.67
2016-08-02,34.17,34.71,34.71,34.00,22647,3644万,2.09%,1.35
2016-08-03,34.57,36.02,36.46,34.57,56394,9485万,5.44%,3.37
2016-08-04,35.89,35.83,36.12,35.41,29912,4999万,1.98%,1.78
2016-08-05,35.70,35.45,35.97,35.43,15495,2589万,1.52%,0.92
2016-08-08,35.49,36.06,36.08,35.13,19791,3309万,2.67%,1.18
2016-08-09,36.16,36.23,36.31,35.81,22161,3746万,1.40%,1.32
2016-08-10,36.16,35.91,36.54,35.81,21274,3611万,2.03%,1.27
2016-08-11,35.78,35.51,36.14,35.51,18537,3110万,1.75%,1.11
2016-08-12,35.47,36.06,36.23,35.43,16784,2823万,2.25%,1
2016-08-15,35.95,36.79,36.90,35.87,25900,4437万,2.85%,1.55
2016-08-16,36.71,36.77,37.11,36.65,21063,3643万,1.26%,1.26
2016-08-17,36.88,36.81,37.25,36.58,17208,2979万,1.83%,1.03
2016-08-18,36.81,37.07,37.36,36.69,22281,3878万,1.83%,1.33
2016-08-19,36.92,37.09,37.63,36.92,19496,3405万,1.93%,1.16
2016-08-22,37.21,36.20,37.23,36.16,26662,4568万,2.89%,1.59
2016-08-23,36.41,36.31,36.58,36.08,9567,1632万,1.39%,0.57
2016-08-24,36.48,36.62,37.32,36.44,22523,3885万,2.43%,1.34
2016-08-25,36.31,36.25,36.52,35.93,19909,3381万,1.61%,1.19
2016-08-26,36.39,36.90,37.17,36.29,30634,5283万,2.43%,1.83
2016-08-29,36.77,37.53,38.07,36.71,54495,9592万,3.70%,3.25
2016-08-30,37.32,37.04,37.51,36.98,32651,5689万,1.40%,1.95
2016-08-31,36.96,37.04,37.19,36.83,18660,3234万,0.96%,1.11
2016-09-01,37.13,36.98,37.38,36.98,24140,4207万,1.08%,1.44
2016-09-02,36.94,36.41,37.13,36.31,34322,5889万,2.21%,2.05
2016-09-05,36.73,36.41,36.73,36.23,16252,2781万,1.38%,0.97
2016-09-06,36.44,37.11,37.15,36.25,30474,5247万,2.48%,1.82
2016-09-07,37.21,37.32,38.30,37.13,56170,9903万,3.17%,3.35
2016-09-08,37.32,37.55,37.88,37.32,30642,5407万,1.52%,1.83
2016-09-09,37.67,37.34,37.95,37.32,27661,4886万,1.68%,1.65
2016-09-12,36.98,36.25,37.00,36.14,35207,6031万,2.31%,2.1
2016-09-13,36.37,36.54,36.67,36.29,21330,3646万,1.04%,1.27
2016-09-14,36.50,36.67,36.73,36.08,24923,4265万,1.78%,1.49
2016-09-19,36.67,37.11,37.13,36.67,25825,4474万,1.26%,1.54
2016-09-20,37.11,37.21,37.42,37.02,30751,5374万,1.08%,1.84
2016-09-21,37.25,37.38,37.57,37.11,21885,3839万,1.24%,1.31
2016-09-22,37.40,38.14,38.58,37.40,59421,1.06亿,3.15%,3.55
2016-09-23,38.14,38.01,38.30,37.78,30638,5467万,1.38%,1.83
2016-09-26,37.95,36.92,38.30,36.73,31303,5554万,4.14%,1.87
2016-09-27,37.02,37.25,37.25,36.35,26337,4548万,2.45%,1.57
2016-09-28,37.11,37.15,37.40,36.98,14370,2505万,1.13%,0.86
2016-09-29,37.15,37.80,37.82,37.13,21700,3827万,1.87%,1.29
2016-09-30,37.95,38.12,38.18,37.57,28173,5016万,1.61%,1.68
2016-10-10,38.41,38.68,38.77,38.20,32420,5861万,1.49%,1.93
2016-10-11,38.68,39.56,39.65,38.58,58183,1.07亿,2.77%,3.47
2016-10-12,39.42,39.35,40.22,38.96,49404,9172万,3.18%,2.95
2016-10-13,39.40,39.71,39.73,38.93,44979,8299万,2.03%,2.68
2016-10-14,39.82,39.77,40.19,39.33,40565,7579万,2.17%,2.42
2016-10-17,39.73,39.92,40.85,39.44,50272,9501万,3.54%,3
2016-10-18,39.82,40.15,40.19,39.17,33358,6220万,2.58%,1.99
2016-10-19,40.17,40.55,40.72,40.05,31419,5958万,1.67%,1.87
2016-10-20,40.64,40.13,41.10,39.88,36189,6839万,3.00%,2.16
2016-10-21,39.94,40.51,40.74,39.71,45912,8675万,2.56%,2.74
2016-10-24,40.47,40.34,40.55,39.96,48360,9124万,1.45%,2.89
2016-10-25,40.09,40.11,40.51,40.01,29222,5509万,1.25%,1.74
2016-10-26,40.13,39.80,40.34,39.52,34758,6500万,2.04%,2.07
2016-10-27,39.63,39.84,40.36,39.56,23021,4317万,2.01%,1.37
2016-10-28,39.94,39.10,40.01,39.10,37697,6981万,2.27%,2.25
2016-10-31,39.00,38.89,39.10,38.49,26271,4785万,1.56%,1.57
2016-11-01,39.17,39.46,39.48,38.79,35481,6522万,1.78%,2.12
2016-11-02,39.46,39.35,39.80,39.25,38483,7143万,1.38%,2.3
2016-11-03,39.35,39.56,39.94,39.10,28675,5329万,2.13%,1.71
2016-11-04,39.59,39.82,40.11,39.46,26475,4946万,1.65%,1.58
2016-11-07,39.86,40.15,40.82,39.71,36686,6934万,2.80%,2.19
2016-11-08,40.26,40.43,40.78,39.92,34742,6574万,2.14%,2.07
2016-11-09,40.15,40.15,40.82,39.73,41848,7920万,2.70%,2.5
2016-11-10,40.53,40.74,40.85,40.15,41135,7826万,1.73%,2.45
2016-11-11,40.80,41.56,41.94,40.53,47195,9172万,3.45%,2.82
2016-11-14,41.66,41.87,42.17,40.78,42370,8282万,3.34%,2.53
2016-11-15,41.87,42.38,42.88,41.33,67871,1.35亿,3.71%,4.05
2016-11-16,42.25,43.79,44.04,42.25,64130,1.30亿,4.21%,3.83
2016-11-17,43.47,42.71,43.66,42.50,45115,9092万,2.64%,2.69
2016-11-18,42.17,41.73,42.25,41.66,71136,1.40亿,1.38%,4.24
2016-11-21,41.69,42.25,42.27,41.58,40361,7952万,1.66%,2.41
2016-11-22,42.27,42.76,42.84,41.98,41484,8256万,2.04%,2.48
2016-11-23,42.74,42.19,43.09,41.73,49265,9803万,3.19%,2.94
2016-11-24,42.02,41.94,42.23,41.22,38342,7525万,2.39%,2.29
2016-11-25,41.69,42.13,42.25,41.10,42915,8427万,2.75%,2.56
2016-11-28,41.87,41.58,42.57,41.43,32649,6403万,2.69%,1.95
2016-11-29,41.56,40.26,41.71,40.22,38450,7411万,3.59%,2.29
2016-11-30,40.11,40.01,40.40,39.84,26408,4970万,1.41%,1.58
2016-12-01,39.90,40.22,40.40,39.90,18526,3495万,1.26%,1.11
2016-12-02,40.28,39.25,40.51,39.04,33562,6238万,3.66%,2
2016-12-05,39.04,39.10,39.31,38.58,21259,3892万,1.87%,1.27
2016-12-06,39.10,39.42,39.67,39.10,17586,3253万,1.45%,1.05
2016-12-07,39.42,40.15,40.15,39.29,25116,4690万,2.18%,1.5
2016-12-08,40.30,40.01,40.36,39.71,22627,4255万,1.62%,1.35
2016-12-09,39.96,40.07,40.32,39.80,18283,3435万,1.31%,1.09
2016-12-12,40.05,37.07,40.05,36.92,46235,8341万,7.81%,2.76
2016-12-13,36.90,37.72,37.99,36.81,29381,5176万,3.17%,1.75
2016-12-14,37.72,38.30,38.77,37.49,32200,5786万,3.40%,1.92
2016-12-15,38.01,38.66,39.19,38.01,22472,4082万,3.07%,1.34
2016-12-16,38.89,39.19,39.40,37.97,22004,4040万,3.69%,1.31
2016-12-19,39.35,40.07,40.30,39.06,40506,7588万,3.16%,2.42
2016-12-20,39.84,40.22,40.51,39.84,23950,4514万,1.68%,1.43
2016-12-21,40.22,40.03,40.47,39.65,21339,4009万,2.04%,1.27
2016-12-22,39.69,39.77,40.05,39.48,17718,3303万,1.42%,1.06
2016-12-23,39.65,38.91,39.86,38.85,23424,4310万,2.53%,1.4
2016-12-26,38.98,39.25,39.31,38.22,29690,5413万,2.81%,1.77
2016-12-27,39.31,41.71,43.11,39.31,130594,2.58亿,9.68%,7.79
2016-12-28,41.12,40.87,42.29,40.49,90868,1.76亿,4.33%,5.42
2016-12-29,40.80,40.80,41.58,40.74,43585,8413万,2.06%,2.6
2016-12-30,40.82,40.99,41.66,40.61,30654,5894万,2.57%,1.83
2017-01-03,41.24,41.58,41.92,41.14,40428,7888万,1.90%,2.41
2017-01-04,41.54,41.54,41.79,41.06,38661,7520万,1.77%,2.31
2017-01-05,41.69,41.90,42.06,41.16,53884,1.06亿,2.17%,3.22
2017-01-06,41.62,41.31,41.75,40.89,49150,9510万,2.06%,2.93
2017-01-09,41.10,40.99,41.14,40.64,28531,5480万,1.22%,1.7
2017-01-10,40.93,40.80,41.18,40.80,22240,4281万,0.92%,1.33
2017-01-11,40.80,39.90,41.27,39.90,29828,5687万,3.35%,1.78
2017-01-12,39.77,38.96,40.34,38.93,33660,6269万,3.53%,2.01
2017-01-13,39.00,37.99,39.25,37.95,26767,4844万,3.34%,1.6
2017-01-16,37.59,35.91,37.93,35.05,50282,8668万,7.57%,3
2017-01-17,39.00,37.44,39.00,35.87,29075,5033万,8.71%,1.74
2017-01-18,37.32,37.13,37.44,36.62,16408,2843万,2.19%,0.98
2017-01-19,37.13,36.58,37.34,36.58,10861,1879万,2.04%,0.65
2017-01-20,36.54,37.72,38.56,36.41,17401,3072万,5.86%,1.04
2017-01-23,37.55,37.78,38.22,37.55,12888,2294万,1.78%,0.77
2017-01-24,37.80,37.46,38.03,37.46,13713,2432万,1.50%,0.82
2017-01-25,37.49,37.74,37.88,37.00,19545,3431万,2.35%,1.17
2017-01-26,37.30,37.49,37.78,37.00,18682,3286万,2.06%,1.11
2017-02-03,37.34,37.19,37.86,37.11,9781,1715万,2.02%,0.58
2017-02-06,37.42,37.59,37.72,37.07,13018,2286万,1.75%,0.78
2017-02-07,37.70,38.49,38.89,37.70,33213,5992万,3.18%,1.98
2017-02-08,38.35,38.54,38.54,37.84,20399,3656万,1.80%,1.22
2017-02-09,38.26,38.51,38.87,38.24,17132,3098万,1.63%,1.02
2017-02-10,38.72,38.12,38.89,38.12,17798,3208万,2.02%,1.06
2017-02-13,38.09,38.58,38.93,37.76,31378,5643万,3.09%,1.87
2017-02-14,38.47,38.39,38.72,38.22,12167,2193万,1.31%,0.73
2017-02-15,38.68,38.58,39.21,38.20,37566,6824万,2.63%,2.24
2017-02-16,38.62,38.89,38.89,38.22,24842,4491万,1.74%,1.48
2017-02-17,38.68,37.93,38.91,37.91,24523,4408万,2.59%,1.46
2017-02-20,38.35,37.72,38.35,37.42,21316,3781万,2.44%,1.27
2017-02-21,37.61,38.01,38.37,37.61,22731,4059万,2.00%,1.36
2017-02-22,38.45,38.35,38.58,38.03,25828,4639万,1.44%,1.54
2017-02-23,38.35,38.37,38.49,37.88,21613,3872万,1.59%,1.29
2017-02-24,38.35,38.62,38.62,38.12,15624,2818万,1.31%,0.93
2017-02-27,38.62,38.16,38.68,38.05,17523,3160万,1.63%,1.05
2017-02-28,38.16,38.26,38.58,38.12,16834,3028万,1.21%,1
2017-03-01,38.16,38.33,38.43,38.05,13776,2475万,0.99%,0.82
2017-03-02,38.68,38.14,38.68,38.05,11414,2055万,1.64%,0.68
2017-03-03,38.16,38.07,38.24,37.74,14236,2541万,1.32%,0.85
2017-03-06,38.05,38.54,38.62,37.99,22318,4024万,1.65%,1.33
2017-03-07,38.62,38.77,38.87,38.49,23093,4194万,0.98%,1.38
2017-03-08,38.62,38.81,39.19,38.60,24519,4474万,1.52%,1.46
2017-03-09,38.68,38.39,38.77,38.16,22214,4000万,1.57%,1.33
2017-03-10,38.37,38.33,38.47,38.03,14440,2590万,1.15%,0.86
2017-03-13,38.68,38.47,38.75,37.97,21723,3912万,2.03%,1.3
2017-03-14,38.47,38.28,38.66,38.16,13955,2519万,1.31%,0.83
2017-03-15,38.12,37.91,38.28,37.84,15144,2704万,1.15%,0.9
2017-03-16,38.16,38.41,38.45,38.01,14305,2569万,1.16%,0.85
2017-03-17,38.37,38.56,39.46,38.22,37932,6927万,3.23%,2.26
2017-03-20,38.30,39.06,39.31,38.30,24677,4512万,2.61%,1.47
2017-03-21,39.06,38.87,39.17,38.51,18128,3298万,1.67%,1.08
2017-03-22,38.64,39.12,40.03,38.64,55965,1.04亿,3.57%,3.34
2017-03-23,39.21,38.64,39.29,38.01,31340,5686万,3.27%,1.87
2017-03-24,38.60,38.14,38.64,37.97,31639,5668万,1.74%,1.89
2017-03-27,38.14,37.15,38.45,36.69,42628,7481万,4.63%,2.54
2017-03-28,38.05,37.28,38.05,37.15,17914,3142万,2.43%,1.07
2017-03-29,37.28,36.56,37.51,36.56,24642,4264万,2.54%,1.47
2017-03-30,36.50,34.88,36.56,34.84,31648,5263万,4.71%,1.89
2017-03-31,34.90,35.32,35.55,34.67,21412,3518万,2.53%,1.28
2017-04-05,35.26,35.93,35.99,35.05,18105,3015万,2.68%,1.08
2017-04-06,36.02,36.12,36.79,35.78,21191,3608万,2.81%,1.26
2017-04-07,36.10,36.06,36.35,35.85,16593,2807万,1.40%,0.99
2017-04-10,35.85,34.97,35.95,34.80,28855,4773万,3.20%,1.72
2017-04-11,35.13,35.22,35.34,34.73,18301,3004万,1.74%,1.09
2017-04-12,35.30,34.38,35.30,34.36,19575,3188万,2.68%,1.17
2017-04-13,34.21,34.34,34.67,34.21,15267,2462万,1.34%,0.91
2017-04-14,34.31,33.33,34.65,33.18,18850,2973万,4.28%,1.12
2017-04-17,33.12,32.55,33.20,32.36,21811,3338万,2.52%,1.3
2017-04-18,32.45,31.94,33.50,31.86,16196,2464万,5.03%,0.97
2017-04-19,31.79,31.27,31.92,30.85,22101,3234万,3.35%,1.32
2017-04-20,31.27,31.12,31.40,30.56,18142,2632万,2.69%,1.08
2017-04-21,30.89,31.21,31.42,30.89,10987,1604万,1.69%,0.66
2017-04-24,31.21,29.59,31.27,29.42,22802,3204万,5.92%,1.36
2017-04-25,29.34,30.09,30.45,29.34,22880,3205万,3.76%,1.37
2017-04-26,29.97,30.62,30.72,29.67,19412,2747万,3.49%,1.16
2017-04-27,30.53,31.02,31.04,29.55,17179,2438万,4.87%,1.03
2017-04-28,31.37,31.44,31.63,30.93,17913,2622万,2.23%,1.07
2017-05-02,31.40,31.33,31.52,31.04,11417,1671万,1.54%,0.68
2017-05-03,31.73,31.25,31.73,30.95,10670,1559万,2.48%,0.64
2017-05-04,31.19,31.02,31.48,30.85,10773,1573万,2.02%,0.64
2017-05-05,31.12,29.97,31.12,29.88,14162,2016万,3.99%,0.85
2017-05-08,29.76,29.44,30.26,29.40,12991,1812万,2.87%,0.78
2017-05-09,29.55,30.28,30.35,29.19,16221,2258万,3.92%,0.97
2017-05-10,30.28,29.97,30.70,29.97,17216,2443万,2.43%,1.03
2017-05-11,29.69,29.32,30.43,28.37,20591,2808万,6.87%,1.23
2017-05-12,29.17,29.11,29.46,28.79,8300,1128万,2.29%,0.5
2017-05-15,29.11,29.40,29.69,29.06,11457,1572万,2.16%,0.68
2017-05-16,29.27,30.07,30.14,28.96,21716,2982万,4.00%,1.3
2017-05-17,29.44,30.22,30.37,29.44,15591,2189万,3.07%,0.93
2017-05-18,29.90,29.86,30.30,29.78,13094,1835万,1.74%,0.78
2017-05-19,29.86,30.11,30.16,29.82,13362,1874万,1.13%,0.8
2017-05-22,30.05,28.46,30.05,28.25,22831,3099万,6.00%,1.36
2017-05-23,29.55,27.45,29.55,27.38,20511,2730万,7.60%,1.22
2017-05-24,27.05,27.89,27.89,26.71,16167,2067万,4.28%,0.96
2017-05-25,27.87,27.99,28.18,27.13,15782,2037万,3.77%,0.94
2017-05-26,27.72,27.87,28.10,27.70,9557,1245万,1.43%,0.57
2017-05-31,28.69,27.93,28.69,27.87,11995,1580万,2.94%,0.72
2017-06-01,28.27,26.82,28.27,26.78,13309,1710万,5.34%,0.79
2017-06-02,27.01,27.43,27.74,26.23,14081,1768万,5.64%,0.84
2017-06-05,27.43,28.06,28.12,27.28,12771,1659万,3.06%,0.76
2017-06-06,28.06,27.99,28.29,27.70,10689,1395万,2.10%,0.64
2017-06-07,27.76,28.75,29.06,27.76,19495,2595万,4.65%,1.16
2017-06-08,28.75,28.35,28.98,28.33,14027,1875万,2.26%,0.84
2017-06-09,28.37,28.58,28.58,28.08,13925,1841万,1.78%,0.83
2017-06-12,28.58,27.57,28.58,27.49,12772,1660万,3.82%,0.76
2017-06-13,27.66,28.10,28.18,27.34,20416,2656万,3.05%,1.22
2017-06-14,28.20,28.12,28.27,27.91,13357,1751万,1.27%,0.8
2017-06-15,28.12,28.71,28.77,28.04,30168,4014万,2.61%,1.8
2017-06-16,28.67,28.52,28.71,28.31,15008,1994万,1.39%,0.9
2017-06-19,28.52,28.64,28.67,28.37,10138,1351万,1.03%,0.6
2017-06-20,28.67,28.60,28.98,28.52,16961,2278万,1.61%,1.01
2017-06-21,28.62,28.39,28.88,28.08,17489,2326万,2.79%,1.04
2017-06-22,28.43,27.51,28.54,27.45,22342,2926万,3.85%,1.33
2017-06-23,28.01,27.38,28.01,26.88,20396,2607万,4.12%,1.22
2017-06-26,27.47,27.89,27.89,27.07,15409,1980万,2.99%,0.92
2017-06-27,27.83,27.76,28.29,27.62,17316,2261万,2.41%,1.03
2017-06-28,27.76,27.41,27.80,27.28,10636,1362万,1.89%,0.63
2017-06-29,27.47,27.66,27.80,27.43,9676,1247万,1.38%,0.58
2017-06-30,27.64,27.72,27.83,27.45,10223,1319万,1.37%,0.61
2017-07-03,27.97,28.04,28.04,27.59,12578,1636万,1.59%,0.75
2017-07-04,28.06,27.93,28.08,27.74,8643,1124万,1.20%,0.52
2017-07-05,27.87,28.75,29.13,27.87,43491,5820万,4.51%,2.59
2017-07-06,28.48,28.48,28.64,28.20,24971,3313万,1.53%,1.49
2017-07-07,28.46,28.71,28.98,28.18,25790,3440万,2.80%,1.54
2017-07-10,28.69,28.60,29.02,28.39,24515,3289万,2.19%,1.46
2017-07-11,28.62,28.01,28.71,27.93,19268,2542万,2.72%,1.15
2017-07-12,27.87,27.70,28.08,27.28,15563,2002万,2.85%,0.93
2017-07-13,27.57,27.55,27.80,27.47,9260,1193万,1.21%,0.55
2017-07-14,27.32,27.01,27.57,26.90,15046,1912万,2.44%,0.9
2017-07-17,26.92,24.38,26.94,24.36,37339,4377万,9.56%,2.23
2017-07-18,24.36,24.38,24.59,23.58,25391,2843万,4.13%,1.51
2017-07-19,24.26,24.53,24.59,23.96,20665,2334万,2.58%,1.23
2017-07-20,24.89,24.74,25.62,24.53,27539,3203万,4.45%,1.64
2017-07-21,24.57,24.49,24.97,24.47,13271,1525万,2.04%,0.79
2017-07-24,24.49,24.70,24.72,24.30,9861,1125万,1.72%,0.59
2017-07-25,24.72,24.82,24.82,24.51,10730,1234万,1.28%,0.64
2017-07-26,24.82,24.61,24.82,24.36,8574,980万,1.86%,0.51
2017-07-27,24.40,25.43,25.52,24.36,28380,3324万,4.69%,1.69
2017-07-28,25.41,25.10,25.52,24.97,16415,1921万,2.15%,0.98
2017-07-31,25.33,24.74,25.52,24.59,27033,3140万,3.68%,1.61
2017-08-01,24.72,24.68,24.89,24.51,20053,2303万,1.53%,1.2
2017-08-02,24.63,24.28,24.68,24.23,17032,1935万,1.79%,1.02
2017-08-03,24.26,24.57,24.93,24.19,24750,2840万,3.03%,1.48
2017-08-04,24.72,24.42,24.82,24.17,19353,2204万,2.65%,1.15
2017-08-07,24.32,24.51,24.61,24.28,12918,1472万,1.38%,0.77
2017-08-08,24.34,24.59,24.63,24.15,22888,2597万,1.97%,1.36
2017-08-09,24.59,24.38,24.74,24.30,23078,2632万,1.79%,1.38
2017-08-10,24.44,24.15,24.57,24.00,15285,1726万,2.33%,0.91
2017-08-11,24.13,23.86,24.13,23.77,15287,1704万,1.48%,0.91
2017-08-14,24.00,24.49,24.61,23.73,22021,2495万,3.70%,1.31
2017-08-15,24.49,24.53,24.63,24.30,12367,1407万,1.37%,0.74
2017-08-16,24.42,24.91,24.99,24.40,18912,2183万,2.40%,1.13
2017-08-17,24.84,25.64,26.17,24.70,55640,6630万,5.90%,3.32
2017-08-18,25.54,25.37,25.73,25.24,25614,3033万,1.88%,1.53
2017-08-21,25.39,25.64,25.70,25.31,15218,1811万,1.57%,0.91
2017-08-22,25.58,25.26,25.68,25.20,17597,2083万,1.88%,1.05
2017-08-23,25.20,25.24,25.45,24.93,13615,1598万,2.08%,0.81
2017-08-24,25.35,25.35,25.60,25.14,17551,2074万,1.83%,1.05
2017-08-25,25.22,25.77,25.87,25.22,22557,2689万,2.57%,1.35
2017-08-28,25.77,26.23,26.29,25.58,23578,2856万,2.77%,1.41
2017-08-29,26.08,26.29,27.13,25.73,53071,6534万,5.36%,3.16
2017-08-30,26.48,26.54,26.92,26.29,41300,5124万,2.40%,2.46
2017-08-31,26.46,26.48,26.67,26.27,20449,2525万,1.50%,1.22
2017-09-01,26.71,26.88,26.88,26.33,21617,2676万,2.06%,1.29
2017-09-04,26.88,27.03,27.38,26.67,23395,2950万,2.66%,1.4
2017-09-05,26.88,26.71,27.03,26.29,37497,4648万,2.72%,2.24
2017-09-06,26.54,26.65,26.73,26.36,22473,2779万,1.42%,1.34
2017-09-07,26.75,26.78,27.03,26.54,20364,2540万,1.81%,1.21
2017-09-08,27.41,26.86,27.41,26.75,17840,2246万,2.43%,1.06
2017-09-11,26.71,26.73,26.92,26.54,13104,1631万,1.41%,0.78
2017-09-12,26.73,26.33,26.86,26.19,22094,2729万,2.51%,1.32
2017-09-13,26.25,26.71,26.78,26.19,16156,2002万,2.23%,0.96
2017-09-14,26.61,26.73,27.11,26.46,19389,2421万,2.44%,1.16
2017-09-15,26.71,26.82,26.92,26.42,19707,2442万,1.89%,1.18
2017-09-18,26.65,26.61,26.71,26.15,14127,1740万,2.11%,0.84
2017-09-19,26.61,26.94,27.07,26.31,31518,3923万,2.84%,1.88
2017-09-20,26.78,27.05,27.24,26.61,24378,3062万,2.34%,1.45
2017-09-21,27.13,27.53,27.93,26.94,45234,5802万,3.65%,2.7
2017-09-22,27.66,27.20,27.66,26.90,26265,3332万,2.75%,1.57
2017-09-25,27.07,27.57,27.91,26.96,33242,4278万,3.47%,1.98
2017-09-26,27.36,26.88,27.76,26.86,31571,4004万,3.27%,1.88
2017-09-27,26.96,27.93,28.69,26.88,48763,6353万,6.72%,2.91
2017-09-28,27.70,27.45,27.85,27.34,24736,3178万,1.80%,1.48
2017-09-29,27.45,28.31,28.39,27.30,32195,4178万,3.98%,1.92
2017-10-09,28.50,28.39,28.62,28.01,30372,4008万,2.15%,1.81
2017-10-10,28.22,29.09,29.36,28.16,38225,5145万,4.22%,2.28
2017-10-11,28.92,29.04,29.40,28.62,36750,4961万,2.67%,2.19
2017-10-12,28.96,29.04,29.21,28.73,20522,2777万,1.66%,1.22
2017-10-13,28.92,28.58,28.96,28.50,18762,2511万,1.59%,1.12
2017-10-16,28.54,27.34,28.67,27.30,30837,4002万,4.78%,1.84
2017-10-17,27.34,27.51,27.55,26.99,14779,1881万,2.07%,0.88
2017-10-18,27.45,27.05,27.57,26.73,24215,3058万,3.05%,1.44
2017-10-19,27.22,26.31,27.22,26.29,16794,2089万,3.42%,1
2017-10-20,26.31,27.51,27.51,26.31,24954,3150万,4.55%,1.49
2017-10-23,27.20,27.34,27.64,27.13,17302,2209万,1.83%,1.03
2017-10-24,27.24,27.03,27.49,26.86,10567,1341万,2.30%,0.63
2017-10-25,26.96,27.17,27.22,26.86,11506,1450万,1.32%,0.69
2017-10-26,27.15,27.28,27.55,26.94,11092,1409万,2.24%,0.66
2017-10-27,27.26,27.22,27.53,27.11,12037,1533万,1.54%,0.72
2017-10-30,27.13,26.15,27.13,26.08,22060,2724万,3.86%,1.32
2017-10-31,26.08,26.29,26.44,26.02,10573,1294万,1.61%,0.63
2017-11-01,26.65,26.57,26.84,26.40,16180,2007万,1.68%,0.96
2017-11-02,26.40,25.68,26.40,25.60,20694,2504万,3.00%,1.23
2017-11-03,25.73,25.68,25.91,25.43,10194,1220万,1.88%,0.61
2017-11-06,25.62,26.21,26.38,25.37,16468,2001万,3.92%,0.98
2017-11-07,26.33,26.33,26.40,25.94,9310,1132万,1.76%,0.56
2017-11-08,26.73,27.24,28.14,26.73,33798,4306万,5.34%,2.02
2017-11-09,27.03,27.51,27.78,27.03,22007,2810万,2.78%,1.31
2017-11-10,27.41,27.20,27.45,26.92,17006,2157万,1.91%,1.01
2017-11-13,27.32,26.92,27.32,26.82,15304,1925万,1.85%,0.91
2017-11-14,27.03,26.57,27.03,26.48,20310,2525万,2.03%,1.21
2017-11-15,26.42,26.44,26.94,26.25,10399,1288万,2.61%,0.62
2017-11-16,26.52,26.33,26.73,26.27,9800,1212万,1.75%,0.58
2017-11-17,26.33,24.21,26.52,24.07,29468,3429万,9.33%,1.76
2017-11-20,23.98,24.17,24.21,23.35,16504,1818万,3.56%,0.98
2017-11-21,24.17,23.90,24.30,23.71,11451,1276万,2.43%,0.68
2017-11-22,23.81,23.88,24.11,23.48,14185,1570万,2.64%,0.85
2017-11-23,23.90,23.63,24.13,23.58,12083,1342万,2.29%,0.72
2017-11-24,23.35,23.54,23.77,23.18,8253,903万,2.49%,0.49
2017-11-27,23.60,23.48,23.60,23.14,7598,825万,1.96%,0.45
2017-11-28,23.39,23.98,23.98,23.31,10412,1141万,2.86%,0.62
2017-11-29,23.84,23.75,24.47,23.42,9821,1081万,4.38%,0.59
2017-11-30,23.65,23.54,23.86,23.52,7803,857万,1.41%,0.47
2017-12-01,23.33,23.81,23.94,23.33,7578,836万,2.59%,0.45
2017-12-04,23.71,23.37,23.88,23.35,8372,919万,2.20%,0.5
2017-12-05,23.29,21.88,23.37,21.46,21385,2236万,8.18%,1.28
2017-12-06,21.82,22.37,22.45,21.69,11549,1182万,3.45%,0.69
2017-12-07,22.58,22.70,22.87,22.24,8732,916万,2.82%,0.52
2017-12-08,22.74,23.04,23.14,22.41,8627,921万,3.24%,0.51
2017-12-11,23.16,23.44,23.58,22.79,12562,1360万,3.46%,0.75
2017-12-12,23.25,23.00,23.54,22.89,8776,946万,2.78%,0.52
2017-12-13,23.14,23.35,23.56,23.04,6579,715万,2.28%,0.39
2017-12-14,23.21,23.42,23.54,23.18,8310,903万,1.53%,0.5
2017-12-15,23.16,23.52,23.58,23.16,8708,949万,1.79%,0.52
2017-12-18,23.48,23.58,24.11,23.27,17815,1963万,3.57%,1.06
2017-12-19,23.31,23.54,23.63,23.23,9053,985万,1.69%,0.54
2017-12-20,23.33,22.79,23.50,22.68,10237,1098万,3.48%,0.61
2017-12-21,22.76,22.79,23.02,22.41,8034,848万,2.67%,0.48
2017-12-22,22.97,22.74,22.97,22.64,6203,656万,1.47%,0.37
2017-12-25,22.53,22.60,22.83,22.41,5909,619万,1.85%,0.35
2017-12-26,22.49,22.85,22.85,21.99,5818,612万,3.81%,0.35
2017-12-27,22.76,22.49,23.02,22.49,7059,744万,2.30%,0.42
2017-12-28,22.43,22.49,22.68,22.28,9842,1027万,1.77%,0.59
2017-12-29,22.43,23.04,23.23,22.41,9373,990万,3.64%,0.56
2018-01-02,23.04,23.06,23.16,22.72,8231,878万,1.91%,0.49
2018-01-03,23.00,23.21,23.29,22.95,8311,893万,1.46%,0.5
2018-01-04,23.18,23.39,23.63,23.02,10366,1123万,2.62%,0.62
2018-01-05,23.56,23.35,23.63,23.14,9334,1014万,2.06%,0.56
2018-01-08,23.18,23.18,23.48,23.00,6989,750万,2.07%,0.42
2018-01-09,23.18,23.02,23.18,22.83,7340,784万,1.54%,0.44
2018-01-10,23.02,22.70,23.02,22.41,10597,1115万,2.65%,0.63
2018-01-11,22.70,23.16,23.25,22.45,11606,1235万,3.52%,0.69
2018-01-12,22.93,22.85,23.18,22.66,14458,1535万,2.27%,0.86
2018-01-15,22.72,21.86,22.81,21.78,11396,1175万,4.50%,0.68
2018-01-16,21.67,21.97,22.24,21.57,8672,883万,3.07%,0.52
2018-01-17,21.80,21.95,22.13,21.38,10326,1042万,3.44%,0.62
2018-01-18,21.78,21.74,22.18,21.74,10402,1057万,2.01%,0.62
2018-01-19,21.84,21.69,22.11,21.61,7590,768万,2.32%,0.45
2018-01-22,21.63,21.99,22.03,21.53,10394,1052万,2.32%,0.62
2018-01-23,21.86,21.97,22.09,21.80,6768,689万,1.34%,0.4
2018-01-24,21.97,22.20,22.34,21.88,10707,1100万,2.10%,0.64
2018-01-25,22.20,22.28,22.74,22.05,16419,1706万,3.12%,0.98
2018-01-26,22.24,22.16,22.47,22.07,8023,829万,1.79%,0.48
2018-01-29,22.09,21.97,22.34,21.88,6132,629万,2.09%,0.37
2018-01-30,22.26,22.43,22.64,22.22,11057,1149万,1.91%,0.66
2018-01-31,22.20,22.03,22.32,21.86,12515,1278万,2.06%,0.75
2018-02-01,21.99,20.98,21.99,20.62,14053,1388万,6.20%,0.84
2018-02-02,20.75,20.31,20.96,19.85,17792,1682万,5.31%,1.06
2018-02-05,20.14,19.66,20.14,19.51,13298,1210万,3.10%,0.79
2018-02-06,19.26,18.19,19.36,18.10,17134,1479万,6.41%,1.02
2018-02-07,18.33,18.27,18.73,17.49,12120,1010万,6.81%,0.72
2018-02-08,18.10,18.54,18.73,18.10,8377,717万,3.45%,0.5
2018-02-09,18.29,18.04,18.48,17.85,17593,1481万,3.40%,1.05
2018-02-12,18.04,18.54,19.05,18.04,12952,1105万,5.59%,0.77
2018-02-13,18.59,18.67,18.82,18.52,9862,849万,1.59%,0.59
2018-02-14,18.50,18.59,18.71,18.23,7273,623万,2.59%,0.43
2018-02-22,18.84,18.90,18.92,18.54,12000,1040万,2.03%,0.72
2018-02-23,18.90,18.84,18.92,18.73,6331,550万,1.00%,0.38
2018-02-26,19.03,19.36,19.47,18.88,13073,1158万,3.12%,0.78
2018-02-27,19.26,19.40,19.55,19.24,8492,760万,1.63%,0.51
2018-02-28,19.45,19.97,20.20,19.26,18343,1684万,4.87%,1.09
2018-03-01,19.85,20.37,20.48,19.70,15650,1463万,3.89%,0.93
2018-03-02,20.37,19.97,20.48,19.89,19415,1804万,2.89%,1.16
2018-03-05,19.89,20.08,20.14,19.82,9112,841万,1.58%,0.54
2018-03-06,20.03,20.14,20.29,19.89,9338,870万,1.99%,0.56
2018-03-07,20.06,20.01,20.24,19.89,8802,819万,1.77%,0.52
2018-03-08,19.91,20.16,20.18,19.91,12255,1135万,1.36%,0.73
2018-03-09,20.12,20.73,20.79,20.03,18612,1766万,3.75%,1.11
2018-03-12,20.73,21.25,21.44,20.58,23533,2296万,4.15%,1.4
2018-03-13,21.29,21.21,21.48,21.06,13309,1314万,1.98%,0.79
2018-03-14,21.21,21.23,21.97,21.04,24842,2486万,4.36%,1.48
2018-03-15,21.21,20.94,21.40,20.37,16082,1557万,4.85%,0.96
2018-03-16,21.04,21.42,21.50,20.83,14439,1421万,3.21%,0.86
2018-03-19,21.50,21.50,21.65,21.17,9423,937万,2.25%,0.56
2018-03-20,21.36,21.63,21.69,21.11,11697,1157万,2.73%,0.7
2018-03-21,21.46,21.42,22.13,21.38,21084,2131万,3.50%,1.26
2018-03-22,21.40,21.63,21.76,21.27,16943,1690万,2.25%,1.01
2018-03-23,21.11,20.27,21.36,20.16,20969,2013万,5.53%,1.25
2018-03-26,19.99,20.64,20.71,19.59,12759,1190万,5.49%,0.76
2018-03-27,20.79,21.57,21.90,20.62,27035,2692万,6.21%,1.61
2018-03-28,21.55,22.05,22.53,21.36,37762,3860万,5.45%,2.25
2018-03-29,21.84,22.20,22.51,21.84,32603,3359万,3.05%,1.94
2018-03-30,22.85,23.04,23.63,22.53,42226,4508万,4.92%,2.52
2018-04-02,22.74,23.02,23.56,22.51,37638,4015万,4.56%,2.24
2018-04-03,22.79,22.51,23.25,22.32,30243,3179万,4.01%,1.8
2018-04-04,22.51,22.49,23.02,22.41,18531,1953万,2.71%,1.11
2018-04-09,22.43,22.62,23.04,22.34,14525,1532万,3.08%,0.87
2018-04-10,22.62,22.37,22.72,22.01,17475,1806万,3.16%,1.04
2018-04-11,22.49,22.39,23.18,22.13,42016,4414万,4.69%,2.51
2018-04-12,22.37,22.43,23.04,22.26,33252,3480万,3.47%,1.98
2018-04-13,22.72,22.79,22.93,22.30,27967,2937万,2.81%,1.67
2018-04-16,22.79,22.32,22.87,22.22,22490,2354万,2.86%,1.34
2018-04-17,22.34,21.59,22.58,21.59,21467,2207万,4.42%,1.28
2018-04-18,21.84,22.24,22.26,21.34,25812,2603万,4.28%,1.54
2018-04-19,22.16,24.00,24.40,22.09,114960,1.28亿,10.39%,6.86
2018-04-20,23.46,22.55,23.58,22.28,93421,9962万,5.42%,5.57
2018-04-23,22.55,21.36,22.55,21.13,45339,4583万,6.33%,2.7
2018-04-24,21.42,22.16,22.34,21.27,35044,3545万,5.01%,2.09
2018-04-25,21.88,23.16,23.18,21.82,39722,4176万,6.16%,2.37
2018-04-26,22.93,22.47,23.16,22.45,28902,3054万,3.08%,1.72
2018-04-27,22.58,22.58,23.27,22.53,27448,2910万,3.27%,1.64
2018-05-02,22.70,21.84,22.95,21.63,24710,2544万,5.86%,1.47
2018-05-03,21.78,22.43,22.62,21.40,23348,2381万,5.58%,1.39
2018-05-04,22.39,22.41,22.58,22.20,18969,1973万,1.69%,1.13
2018-05-07,22.41,22.95,23.02,22.41,22968,2430万,2.72%,1.37
2018-05-08,22.83,23.04,23.08,22.76,15434,1644万,1.37%,0.92
2018-05-09,22.89,23.25,23.94,22.89,29421,3204万,4.56%,1.75
2018-05-10,23.25,23.27,23.46,22.97,18127,1952万,2.08%,1.08
2018-05-11,23.25,22.53,23.33,22.51,18628,1974万,3.52%,1.11
2018-05-14,22.45,22.03,22.76,21.90,18398,1899万,3.82%,1.1
2018-05-15,22.07,22.55,22.62,21.95,14190,1466万,3.05%,0.85
2018-05-16,22.53,22.20,22.53,22.16,14076,1457万,1.68%,0.84
2018-05-17,22.30,22.18,22.30,21.99,9989,1026万,1.42%,0.6
2018-05-18,22.24,22.22,22.32,21.78,15255,1561万,2.46%,0.91
2018-05-21,22.39,22.53,22.60,22.22,13264,1382万,1.70%,0.79
2018-05-22,22.70,23.25,23.37,22.45,32623,3474万,4.10%,1.95
2018-05-23,23.31,24.36,25.52,23.16,103999,1.19亿,10.12%,6.2
2018-05-24,23.69,23.79,24.86,23.67,59011,6639万,4.91%,3.52
2018-05-25,23.71,23.00,24.05,22.95,37896,4126万,4.59%,2.26
2018-05-28,23.21,23.10,23.50,22.66,23430,2511万,3.65%,1.4
2018-05-29,22.87,22.93,23.29,22.53,21899,2327万,3.27%,1.31
2018-05-30,22.49,22.01,22.83,21.99,26434,2757万,3.66%,1.58
2018-05-31,22.09,22.22,22.49,22.03,15828,1634万,2.10%,0.94
2018-06-01,22.22,21.69,22.51,21.48,19409,1978万,4.63%,1.16
2018-06-04,21.88,21.42,21.92,21.38,16819,1690万,2.52%,1
2018-06-05,21.46,22.07,22.18,21.38,18391,1857万,3.73%,1.1
2018-06-06,21.95,21.92,22.20,21.84,9946,1015万,1.62%,0.59
2018-06-07,22.05,21.61,22.09,21.53,13812,1397万,2.59%,0.82
2018-06-08,21.42,21.42,21.74,21.25,9407,937万,2.24%,0.56
2018-06-11,21.46,20.87,21.61,20.85,12462,1223万,3.53%,0.74
2018-06-12,20.87,21.17,21.32,20.73,12397,1207万,2.82%,0.74
2018-06-13,21.15,20.81,21.25,20.79,7336,716万,2.18%,0.44
2018-06-14,20.81,20.64,21.00,20.45,9302,894万,2.62%,0.55
2018-06-15,20.69,20.12,20.73,19.72,10231,957万,4.88%,0.61
2018-06-19,19.78,18.17,19.78,18.17,23981,2079万,8.04%,1.43
2018-06-20,17.87,18.42,18.63,17.70,12295,1036万,5.09%,0.73
2018-06-21,18.42,17.91,18.52,17.87,15229,1281万,3.53%,0.91
2018-06-22,17.93,18.46,18.50,17.77,11270,947万,4.10%,0.67
2018-06-25,18.48,18.27,18.65,18.25,8542,728万,2.16%,0.51
2018-06-26,18.10,18.73,19.01,18.06,10760,922万,5.17%,0.64
2018-06-27,18.92,18.73,19.17,18.67,11423,999万,2.69%,0.68
2018-06-28,18.73,18.52,19.07,18.50,8466,735万,3.03%,0.5
2018-06-29,18.52,19.32,19.43,18.46,14774,1306万,5.22%,0.88
2018-07-02,19.24,18.90,19.61,18.67,14690,1299万,4.89%,0.88
2018-07-03,18.88,19.74,19.82,18.65,16026,1423万,6.22%,0.96
2018-07-04,19.85,20.98,21.65,19.78,128820,1.28亿,9.47%,7.68
2018-07-05,20.35,18.98,20.48,18.94,97908,8864万,7.31%,5.84
2018-07-06,18.84,19.22,19.78,18.69,39063,3471万,5.75%,2.33
2018-07-09,19.28,19.76,19.82,19.07,25723,2325万,3.93%,1.53
2018-07-10,19.61,19.57,19.76,19.30,17506,1580万,2.34%,1.04
2018-07-11,19.34,18.96,19.59,18.48,25966,2290万,5.69%,1.55
2018-07-12,18.86,19.68,19.82,18.86,25307,2284万,5.09%,1.51
2018-07-13,19.78,19.70,19.78,19.55,14401,1309万,1.17%,0.86
2018-07-16,19.68,19.01,19.68,18.96,21808,1933万,3.62%,1.3
2018-07-17,19.03,19.55,19.76,18.92,22680,2018万,4.42%,1.35
2018-07-18,19.51,19.22,19.74,19.22,14276,1281万,2.69%,0.85
2018-07-19,19.11,18.84,19.36,18.77,11092,972万,3.06%,0.66
2018-07-20,18.94,19.11,19.19,18.71,12914,1132万,2.56%,0.77
2018-07-23,19.03,19.28,19.34,18.84,11875,1052万,2.64%,0.71
2018-07-24,19.28,19.51,19.57,19.15,18844,1694万,2.18%,1.12
2018-07-25,19.49,19.59,19.78,19.36,22026,2000万,2.15%,1.31
2018-07-26,19.61,19.51,19.76,19.43,13061,1180万,1.71%,0.78
2018-07-27,19.61,19.57,19.74,19.49,19044,1729万,1.29%,1.14
2018-07-30,19.47,19.03,19.57,18.98,17694,1571万,3.00%,1.06
2018-07-31,19.05,19.11,19.22,18.98,11996,1059万,1.21%,0.72
2018-08-01,19.11,19.09,19.51,19.05,15330,1365万,2.42%,0.91
2018-08-02,18.86,18.21,18.98,17.83,27162,2288万,6.05%,1.62
2018-08-03,17.96,17.98,18.21,17.93,10854,904万,1.50%,0.65
2018-08-06,18.21,17.60,18.21,17.45,10223,837万,4.21%,0.61
2018-08-07,17.54,17.91,17.96,17.41,8929,730万,3.10%,0.53
2018-08-08,17.91,17.58,17.98,17.54,8279,677万,2.46%,0.49
2018-08-09,17.68,18.10,18.19,17.54,18000,1494万,3.70%,1.07
2018-08-10,17.98,18.17,18.29,17.98,11144,934万,1.74%,0.66
2018-08-13,17.62,18.29,18.29,17.62,11258,933万,3.70%,0.67
2018-08-14,18.27,18.33,18.48,18.10,9440,799万,2.07%,0.56
2018-08-15,18.35,17.89,18.50,17.77,9626,805万,4.01%,0.57
2018-08-16,17.75,17.87,18.00,17.66,7846,645万,1.88%,0.47
2018-08-17,17.89,17.51,18.10,17.43,11278,927万,3.76%,0.67
2018-08-20,17.54,17.77,17.77,17.28,12638,1020万,2.76%,0.75
2018-08-21,17.89,17.83,17.89,17.56,10946,896万,1.89%,0.65
2018-08-22,17.79,17.43,17.79,17.43,8773,711万,2.00%,0.52
2018-08-23,17.56,17.60,17.72,17.43,6351,515万,1.69%,0.38
2018-08-24,17.60,17.51,17.62,17.41,14024,1133万,1.19%,0.84
2018-08-27,17.51,17.87,17.87,17.45,12383,1012万,2.40%,0.74
2018-08-28,17.79,17.77,18.00,17.66,6915,568万,1.88%,0.41
2018-08-29,17.77,17.64,17.79,17.56,4942,402万,1.30%,0.29
2018-08-30,17.64,17.39,17.75,17.39,7918,639万,2.02%,0.47
2018-08-31,17.41,17.14,17.47,17.14,4752,377万,1.93%,0.28
2018-09-03,17.12,17.33,17.62,16.65,14220,1117万,5.64%,0.85
2018-09-04,17.24,17.43,17.54,17.09,9955,792万,2.55%,0.59
2018-09-05,17.35,17.12,17.54,17.07,8834,706万,2.65%,0.53
2018-09-06,17.09,17.05,17.35,16.99,5766,456万,2.09%,0.34
2018-09-07,17.09,17.12,17.45,16.95,10035,797万,2.96%,0.6
2018-09-10,17.09,16.88,17.14,16.76,6666,520万,2.21%,0.4
2018-09-11,16.88,16.88,17.03,16.70,6663,518万,1.99%,0.4
2018-09-12,16.91,17.03,17.33,16.76,8173,640万,3.36%,0.49
2018-09-13,17.14,17.09,17.26,16.88,8977,704万,2.22%,0.54
2018-09-14,17.09,17.18,17.30,16.99,10729,847万,1.84%,0.64
2018-09-17,16.95,16.99,17.12,16.84,9251,722万,1.59%,0.55
2018-09-18,16.88,17.30,17.33,16.88,10443,824万,2.60%,0.62
2018-09-19,17.22,17.41,17.51,17.14,12081,964万,2.18%,0.72
2018-09-20,17.30,17.35,17.54,17.28,7937,635万,1.45%,0.47
2018-09-21,17.43,17.56,17.66,17.33,9148,737万,1.94%,0.55
2018-09-25,17.39,17.39,17.56,17.28,6710,538万,1.56%,0.4
2018-09-26,17.47,17.33,17.47,17.30,5826,467万,0.97%,0.35
2018-09-27,17.35,16.67,17.43,16.57,16116,1265万,4.97%,0.96
2018-09-28,16.82,16.74,16.86,16.57,14909,1144万,1.76%,0.89
2018-10-08,16.57,16.09,16.59,16.09,9250,693万,3.01%,0.55
2018-10-09,16.04,16.11,16.34,16.02,7284,540万,1.96%,0.43
2018-10-10,16.07,16.15,16.25,16.07,7566,562万,1.17%,0.45
2018-10-11,15.77,14.60,15.77,14.60,21297,1474万,7.28%,1.27
2018-10-12,14.49,14.18,14.60,13.76,18628,1215万,5.76%,1.11
2018-10-15,14.18,14.15,15.25,14.09,17422,1143万,8.15%,1.04
2018-10-16,14.66,13.90,14.66,13.76,12676,818万,6.38%,0.76
2018-10-17,14.05,14.18,14.28,13.69,17079,1097万,4.23%,1.02
2018-10-18,14.24,13.73,14.24,13.65,13024,828万,4.15%,0.78
2018-10-19,13.61,14.26,14.43,13.59,23655,1533万,6.12%,1.41
2018-10-22,14.43,14.83,15.06,14.43,17417,1179万,4.42%,1.04
2018-10-23,14.81,14.87,15.14,14.76,23566,1615万,2.55%,1.41
2018-10-24,14.97,14.95,15.16,14.72,15189,1039万,2.97%,0.91
2018-10-25,14.64,14.89,14.99,14.43,11301,762万,3.79%,0.67
2018-10-26,15.04,15.04,15.29,14.91,13853,958万,2.54%,0.83
2018-10-29,15.04,14.76,15.18,14.70,8559,586万,3.21%,0.51
2018-10-30,14.89,15.06,15.12,14.47,12882,874万,4.41%,0.77
2018-10-31,14.95,15.27,15.46,14.95,14599,1022万,3.35%,0.87
2018-11-01,15.35,15.25,15.73,15.23,17700,1263万,3.30%,1.06
2018-11-02,15.41,15.62,15.77,15.33,15228,1092万,2.89%,0.91
2018-11-05,15.77,15.92,16.11,15.56,19003,1384万,3.49%,1.13
2018-11-06,15.79,16.00,16.21,15.31,27306,1961万,5.67%,1.63
2018-11-07,16.19,16.07,16.19,15.75,20173,1476万,2.76%,1.2
2018-11-08,16.07,16.23,16.38,15.92,25211,1871万,2.88%,1.5
2018-11-09,16.19,16.17,16.28,15.92,24522,1814万,2.20%,1.46
2018-11-12,16.11,16.46,16.53,15.96,42611,3192万,3.51%,2.54
2018-11-13,16.36,16.70,16.86,16.21,36532,2792万,3.95%,2.18
2018-11-14,16.76,17.09,17.28,16.70,41946,3277万,3.52%,2.5
2018-11-15,16.93,17.20,17.22,16.88,26281,2067万,1.97%,1.57
2018-11-16,17.16,17.16,17.43,16.99,32499,2574万,2.56%,1.94
2018-11-19,17.14,17.18,17.26,16.86,22746,1788万,2.33%,1.36
2018-11-20,17.16,16.67,17.35,16.44,25713,2002万,5.26%,1.53
2018-11-21,16.51,16.99,17.05,16.40,26018,2005万,3.90%,1.55
2018-11-22,16.99,17.01,17.28,16.91,18943,1490万,2.22%,1.13
2018-11-23,17.01,16.11,17.14,16.11,25034,1896万,6.05%,1.49
2018-11-26,16.13,16.30,16.53,16.11,16059,1207万,2.61%,0.96
2018-11-27,16.42,16.55,16.61,16.32,14376,1091万,1.80%,0.86
2018-11-28,16.57,16.95,16.97,16.25,14291,1098万,4.31%,0.85
2018-11-29,17.03,16.25,17.07,16.19,20148,1557万,5.20%,1.2
2018-11-30,16.23,16.32,16.57,15.98,13684,1024万,3.62%,0.82
2018-12-03,16.61,16.78,16.86,16.57,17101,1317万,1.80%,1.02
2018-12-04,16.84,16.91,16.91,16.63,16181,1249万,1.63%,0.96
2018-12-05,16.65,16.76,17.03,16.40,20856,1608万,3.73%,1.24
2018-12-06,16.82,16.57,16.84,16.57,14305,1099万,1.63%,0.85
2018-12-07,16.57,16.70,16.82,16.55,11847,910万,1.65%,0.71
2018-12-10,16.80,16.09,16.80,16.02,13319,997万,4.65%,0.79
2018-12-11,16.25,16.32,16.36,16.09,10937,816万,1.70%,0.65
2018-12-12,16.63,16.28,16.63,16.17,10461,785万,2.83%,0.62
2018-12-13,16.32,16.40,16.51,16.07,13800,1039万,2.71%,0.82
2018-12-14,16.53,15.81,16.53,15.71,16293,1212万,4.99%,0.97
2018-12-17,15.75,15.54,15.81,15.44,14393,1028万,2.39%,0.86
